0;0;0;0;land;false;unknown;0
1;108;237;220;land;false;hills;1
2;209;138;252;land;true;plains;1
3;234;215;106;land;false;hills;1
4;215;180;197;land;false;desert;1
5;200;253;71;land;false;plains;1
6;216;155;155;land;true;plains;1
7;137;146;233;land;false;forest;1
8;233;114;254;land;false;plains;1
9;228;39;239;land;false;plains;1
10;163;208;148;land;false;forest;1
11;232;240;168;land;true;plains;1
12;241;251;140;land;false;hills;1
13;191;165;146;land;false;plains;1
14;184;229;107;land;false;desert;1
15;211;200;144;land;false;desert;1
16;182;252;116;land;false;hills;1
17;107;231;234;land;false;plains;1
18;253;252;94;land;false;plains;1
19;139;198;187;land;false;jungle;1
20;189;127;190;land;false;forest;1
21;163;202;196;land;false;plains;1
22;146;169;200;land;false;forest;1
23;168;116;240;land;false;hills;1
24;233;190;222;land;false;plains;1
25;161;124;216;land;false;plains;1
26;87;244;251;land;false;jungle;1
27;122;231;149;land;false;forest;1
28;252;194;62;land;false;mountain;1
29;177;116;220;land;false;desert;1
30;232;103;178;land;false;forest;1
31;200;237;88;land;true;forest;1
32;240;150;118;land;false;plains;1
33;165;232;221;land;false;mountain;1
34;192;167;235;land;false;forest;1
35;244;109;176;land;false;plains;1
36;180;240;155;land;false;plains;1
37;118;225;184;land;false;desert;1
38;143;226;141;land;true;plains;1
39;193;212;164;land;false;forest;1
40;185;120;200;land;false;desert;1
41;207;161;229;land;false;plains;1
42;187;198;122;land;false;hills;1
43;146;212;149;land;true;plains;1
44;184;253;129;land;false;hills;1
45;250;124;232;land;false;forest;1
46;130;249;162;land;false;mountain;1
47;239;98;178;land;false;plains;1
48;251;163;103;land;true;plains;1
49;159;243;194;land;false;forest;1
50;155;208;230;land;false;forest;1
51;146;225;178;land;false;hills;1
52;102;252;148;land;false;desert;1
53;150;138;244;land;false;plains;1
54;63;238;245;land;false;plains;1
55;174;236;147;land;true;plains;1
56;146;209;192;land;false;plains;1
57;242;236;175;land;false;hills;1
58;156;160;248;land;false;plains;1
59;160;248;108;land;false;hills;1
60;177;226;252;land;false;plains;1
61;135;217;177;land;false;desert;1
62;224;166;245;land;false;plains;1
63;120;216;216;land;false;desert;1
64;196;245;108;land;true;plains;1
65;254;155;129;land;false;plains;1
66;208;212;215;land;true;forest;1
67;242;175;198;land;false;plains;1
68;218;224;197;land;false;hills;1
69;231;249;91;land;false;plains;1
70;208;72;221;land;false;forest;1
71;208;240;122;land;true;plains;1
72;226;148;253;land;false;plains;1
73;234;170;103;land;false;plains;1
74;241;240;104;land;false;hills;1
75;129;160;219;land;false;hills;1
76;254;201;181;land;false;desert;1
77;107;215;237;land;false;forest;1
78;120;196;244;land;false;hills;1
79;244;251;109;land;false;forest;1
80;212;214;199;land;false;plains;1
81;125;220;252;land;false;forest;1
82;90;243;229;land;false;forest;1
83;229;191;119;land;false;plains;1
84;228;225;123;land;false;forest;1
85;175;173;251;land;false;hills;1
86;180;247;111;land;false;mountain;1
87;253;26;233;land;false;plains;1
88;236;211;154;land;false;plains;1
89;102;175;247;land;true;plains;1
90;90;203;217;land;true;plains;1
91;157;153;212;land;false;forest;1
92;232;227;253;land;false;forest;1
93;230;152;175;land;false;hills;1
94;254;132;238;land;false;plains;1
95;214;204;203;land;false;plains;1
96;221;129;202;land;false;mountain;1
97;112;253;145;land;false;hills;1
98;34;228;246;land;false;forest;1
99;147;249;149;land;false;plains;1
100;233;182;118;land;false;forest;1
101;171;231;185;land;false;forest;1
102;91;249;228;land;true;plains;1
103;254;224;244;land;false;desert;1
104;245;90;239;land;false;hills;1
105;231;227;226;land;true;plains;1
106;166;214;227;land;true;desert;1
107;204;161;138;land;true;plains;1
108;193;231;185;land;false;hills;1
109;236;122;241;land;false;mountain;1
110;165;230;186;land;false;plains;1
111;230;193;185;land;false;hills;1
112;219;113;210;land;true;plains;1
113;244;209;144;land;false;mountain;1
114;236;73;251;land;false;jungle;1
115;201;206;140;land;true;forest;1
116;247;182;239;land;true;forest;1
117;239;252;233;land;false;plains;1
118;204;209;193;land;false;desert;1
119;22;250;244;land;false;plains;1
120;248;79;215;land;false;hills;1
121;201;243;232;land;false;plains;1
122;227;134;161;land;true;plains;1
123;215;153;162;land;false;plains;1
124;240;56;246;land;false;forest;1
125;209;81;252;land;false;plains;1
126;172;204;190;land;false;plains;1
127;207;174;172;land;false;hills;1
128;186;209;209;land;false;forest;1
129;252;95;250;land;false;hills;1
130;149;251;181;land;false;hills;1
131;208;249;213;land;false;forest;1
132;222;160;223;land;false;forest;1
133;230;234;57;land;false;plains;1
134;231;220;72;land;true;plains;1
135;181;164;249;land;false;mountain;1
136;211;196;245;land;true;plains;1
137;125;203;222;land;false;mountain;1
138;100;188;241;land;true;desert;1
139;228;109;186;land;true;plains;1
140;210;95;244;land;true;jungle;1
141;230;249;178;land;true;plains;1
142;227;84;212;land;false;plains;1
143;212;108;239;land;false;plains;1
144;197;195;127;land;false;forest;1
145;140;186;197;land;false;plains;1
146;239;231;67;land;true;plains;1
147;186;172;146;land;false;plains;1
148;244;116;246;land;false;forest;1
149;131;252;171;land;false;jungle;1
150;93;250;236;land;false;hills;1
151;128;200;230;land;true;plains;1
152;236;198;129;land;false;forest;1
153;170;252;253;land;true;plains;1
154;205;222;173;land;false;plains;1
155;184;231;228;land;false;forest;1
156;241;199;243;land;false;plains;1
157;243;243;155;land;false;forest;1
158;197;217;95;land;false;plains;1
159;87;243;172;land;false;forest;1
160;200;85;238;land;false;plains;1
161;89;174;249;land;true;plains;1
162;186;164;218;land;true;plains;1
163;133;150;221;land;false;marsh;1
164;210;149;196;land;false;plains;1
165;216;222;76;land;false;hills;1
166;158;170;205;land;false;plains;1
167;201;165;136;land;true;forest;1
168;233;130;206;land;false;urban;1
169;254;170;80;land;true;plains;1
170;242;82;237;land;true;hills;1
171;206;243;223;land;false;plains;1
172;253;162;174;land;false;forest;1
173;248;161;210;land;false;plains;1
174;22;229;253;land;false;forest;1
175;237;55;249;land;false;plains;1
176;124;226;210;land;false;hills;1
177;211;164;244;land;false;forest;1
178;227;233;76;land;false;forest;1
179;151;252;118;land;false;mountain;1
180;206;243;61;land;false;hills;1
181;172;193;145;land;false;plains;1
182;230;192;247;land;false;plains;1
183;168;212;252;land;false;forest;1
184;239;164;115;land;false;forest;1
185;210;197;146;land;true;plains;1
186;177;235;248;land;false;hills;1
187;195;144;246;land;false;plains;1
188;128;196;229;land;true;plains;1
189;202;128;230;land;false;plains;1
190;218;245;89;land;false;jungle;1
191;136;215;212;land;false;plains;1
192;238;224;238;land;false;plains;1
193;150;187;220;land;true;forest;1
194;215;131;201;land;true;plains;1
195;212;219;161;land;false;hills;1
196;168;233;112;land;false;hills;1
197;232;189;235;land;false;plains;1
198;161;134;222;land;false;plains;1
199;203;228;236;land;false;plains;1
200;235;244;212;land;false;mountain;1
201;217;42;243;land;false;plains;1
202;135;224;254;land;true;forest;1
203;141;190;229;land;false;desert;1
204;134;224;222;land;false;desert;1
205;81;226;234;land;true;plains;1
206;223;122;226;land;true;plains;1
207;187;197;188;land;false;marsh;1
208;208;219;101;land;true;plains;1
209;192;192;126;land;false;hills;1
210;244;98;218;land;false;plains;1
211;249;116;158;land;false;desert;1
212;125;248;167;land;false;hills;1
213;199;108;221;land;false;desert;1
214;47;232;249;land;false;plains;1
215;220;162;218;land;false;plains;1
216;190;74;246;land;false;forest;1
217;228;156;148;land;false;plains;1
218;125;246;197;land;false;hills;1
219;186;230;160;land;false;mountain;1
220;226;150;161;land;false;hills;1
221;210;169;235;land;false;forest;1
222;182;186;168;land;false;hills;1
223;123;183;247;land;false;plains;1
224;235;149;181;land;false;desert;1
225;249;213;147;land;true;plains;1
226;251;159;161;land;false;hills;1
227;32;245;246;land;false;hills;1
228;242;46;224;land;true;plains;1
229;177;231;178;land;false;plains;1
230;231;201;194;land;false;plains;1
231;167;163;249;land;false;forest;1
232;113;241;187;land;false;plains;1
233;165;243;249;land;false;plains;1
234;141;242;245;land;false;forest;1
235;111;246;145;land;false;plains;1
236;166;231;181;land;false;hills;1
237;228;207;156;land;false;jungle;1
238;233;195;110;land;true;plains;1
239;201;221;177;land;false;plains;1
240;241;93;226;land;true;forest;1
241;234;178;147;land;false;hills;1
242;189;104;234;land;true;plains;1
243;253;108;171;land;false;hills;1
244;120;216;169;land;false;plains;1
245;212;82;207;land;false;hills;1
246;178;165;172;land;false;mountain;1
247;89;215;247;land;false;hills;1
248;228;220;57;land;false;hills;1
249;223;105;184;land;false;desert;1
250;202;118;191;land;false;mountain;1
251;107;196;200;land;false;plains;1
252;197;142;212;land;false;plains;1
253;209;252;215;land;true;forest;1
254;123;191;246;land;false;hills;1
255;246;230;41;land;false;forest;1
256;233;112;166;land;false;plains;1
257;252;227;108;land;false;forest;1
258;208;246;208;land;false;hills;1
259;240;161;215;land;false;hills;1
260;197;220;110;land;true;plains;1
261;118;254;166;land;true;plains;1
262;216;97;221;land;true;plains;1
263;240;219;213;land;false;hills;1
264;241;187;232;land;true;plains;1
265;198;251;246;land;true;plains;1
266;170;252;170;land;true;desert;1
267;123;189;211;land;false;jungle;1
268;128;223;228;land;false;mountain;1
269;144;197;247;land;true;plains;1
270;214;173;130;land;false;forest;1
271;125;239;191;land;false;forest;1
272;206;217;106;land;false;jungle;1
273;234;201;144;land;false;plains;1
274;236;229;78;land;false;mountain;1
275;201;178;208;land;false;hills;1
276;189;137;198;land;false;plains;1
277;178;163;170;land;false;forest;1
278;186;198;123;land;true;forest;1
279;175;183;217;land;false;plains;1
280;35;253;231;land;true;plains;1
281;227;253;106;land;false;plains;1
282;193;138;226;land;false;hills;1
283;193;175;197;land;true;plains;1
284;221;172;172;land;false;forest;1
285;77;220;204;land;true;forest;1
286;139;220;165;land;false;desert;1
287;238;202;139;land;false;forest;1
288;236;73;253;land;false;forest;1
289;147;211;212;land;true;plains;1
290;248;245;234;land;false;mountain;1
291;85;231;234;land;false;desert;1
292;122;193;228;land;false;hills;1
293;226;170;194;land;false;desert;1
294;243;233;114;land;true;forest;1
295;232;247;112;land;false;forest;1
296;244;116;221;land;false;plains;1
297;247;245;215;land;false;plains;1
298;221;77;221;land;false;hills;1
299;196;230;102;land;false;desert;1
300;159;195;194;land;false;desert;1
301;159;161;253;land;false;desert;1
302;58;234;221;land;false;desert;1
303;246;245;43;land;false;hills;1
304;185;194;217;land;true;plains;1
305;238;230;179;land;true;plains;1
306;146;244;242;land;false;plains;1
307;225;229;149;land;false;hills;1
308;215;213;221;land;false;plains;1
309;230;232;137;land;false;plains;1
310;251;123;191;land;true;hills;1
311;217;98;213;land;false;forest;1
312;189;213;140;land;false;forest;1
313;110;238;153;land;false;hills;1
314;252;62;220;land;false;hills;1
315;178;179;252;land;false;plains;1
316;168;216;126;land;false;plains;1
317;249;94;192;land;true;plains;1
318;234;121;157;land;false;hills;1
319;184;237;226;land;false;forest;1
320;246;212;166;land;false;plains;1
321;239;74;248;land;false;plains;1
322;235;117;187;land;false;forest;1
323;45;237;240;land;true;mountain;1
324;169;222;191;land;true;plains;1
325;254;159;232;land;false;mountain;1
326;240;220;131;land;true;plains;1
327;117;254;138;land;false;mountain;1
328;249;227;166;land;true;plains;1
329;159;172;172;land;false;plains;1
330;188;163;173;land;true;plains;1
331;188;237;106;land;false;desert;1
332;214;212;197;land;false;plains;1
333;119;241;223;land;false;plains;1
334;249;119;223;land;false;forest;1
335;153;246;182;land;false;plains;1
336;222;108;214;land;false;plains;1
337;177;246;249;land;true;plains;1
338;212;205;170;land;false;plains;1
339;132;238;168;land;true;plains;1
340;136;253;223;land;false;hills;1
341;187;223;140;land;true;plains;1
342;147;166;201;land;false;plains;1
343;160;209;182;land;true;plains;1
344;189;204;116;land;false;forest;1
345;184;87;241;land;false;plains;1
346;241;208;99;land;false;desert;1
347;114;248;222;land;true;plains;1
348;229;228;60;land;false;forest;1
349;151;203;192;land;true;forest;1
350;214;137;166;land;false;plains;1
351;131;242;143;land;true;plains;1
352;182;195;159;land;false;hills;1
353;168;235;124;land;false;jungle;1
354;120;214;227;land;false;plains;1
355;211;240;181;land;false;desert;1
356;242;108;202;land;false;plains;1
357;106;249;222;land;false;desert;1
358;183;84;240;land;false;mountain;1
359;196;153;248;land;false;jungle;1
360;211;220;96;land;false;mountain;1
361;235;209;172;land;false;hills;1
362;178;219;128;land;false;plains;1
363;176;186;165;land;false;plains;1
364;171;143;247;land;false;forest;1
365;110;244;232;land;false;hills;1
366;231;194;116;land;false;plains;1
367;214;175;222;land;false;hills;1
368;226;245;87;land;false;hills;1
369;210;118;244;land;false;forest;1
370;235;254;166;land;false;hills;1
371;106;220;181;land;false;hills;1
372;211;221;107;land;false;hills;1
373;122;228;175;land;false;desert;1
374;234;148;162;land;false;mountain;1
375;204;250;174;land;false;forest;1
376;196;206;159;land;true;forest;1
377;247;190;194;land;false;hills;1
378;254;138;222;land;false;forest;1
379;198;201;173;land;false;forest;1
380;242;127;190;land;false;mountain;1
381;139;236;140;land;true;plains;1
382;207;238;137;land;false;hills;1
383;243;214;93;land;false;hills;1
384;249;177;176;land;false;mountain;1
385;155;254;197;land;true;forest;1
386;156;191;162;land;true;plains;1
387;244;167;210;land;false;plains;1
388;125;208;223;land;true;plains;1
389;223;233;57;land;false;plains;1
390;248;159;131;land;true;plains;1
391;203;209;164;land;false;forest;1
392;136;223;221;land;false;mountain;1
393;251;48;221;land;false;plains;1
394;145;162;204;land;false;forest;1
395;227;231;124;land;true;plains;1
396;108;189;253;land;false;mountain;1
397;203;124;223;land;false;hills;1
398;240;254;178;land;false;plains;1
399;190;231;230;land;false;mountain;1
400;149;252;203;land;false;plains;1
401;236;232;55;land;false;forest;1
402;243;151;116;land;false;plains;1
403;248;225;253;land;false;forest;1
404;238;133;209;land;false;mountain;1
405;113;198;228;land;false;plains;1
406;243;58;208;land;false;hills;1
407;189;250;177;land;true;plains;1
408;196;90;232;land;true;hills;1
409;170;168;218;land;false;mountain;1
410;226;217;228;land;false;plains;1
411;204;251;220;land;false;mountain;1
412;218;250;209;land;true;plains;1
413;95;235;174;land;false;forest;1
414;167;190;226;land;false;plains;1
415;241;180;182;land;false;mountain;1
416;185;85;236;land;false;forest;1
417;226;136;202;land;true;plains;1
418;243;82;253;land;false;mountain;1
419;152;142;211;land;false;mountain;1
420;241;65;232;land;true;plains;1
421;73;237;213;land;true;plains;1
422;218;229;72;land;false;hills;1
423;208;139;231;land;false;plains;1
424;215;173;142;land;false;plains;1
425;172;240;170;land;false;plains;1
426;130;245;158;land;false;hills;1
427;244;66;254;land;false;plains;1
428;215;225;196;land;false;plains;1
429;249;235;66;land;false;hills;1
430;161;155;204;land;false;hills;1
431;200;221;237;land;false;forest;1
432;250;131;246;land;false;desert;1
433;249;215;241;land;true;plains;1
434;108;226;249;land;false;desert;1
435;191;124;243;land;false;desert;1
436;214;204;162;land;false;plains;1
437;137;123;249;land;true;plains;1
438;200;225;154;land;false;hills;1
439;213;235;78;land;false;hills;1
440;192;206;234;land;false;mountain;1
441;252;146;196;land;false;mountain;1
442;254;202;193;land;false;desert;1
443;184;205;172;land;false;plains;1
444;200;149;193;land;false;plains;1
445;249;239;192;land;false;desert;1
446;181;155;167;land;false;forest;1
447;145;210;151;land;false;hills;1
448;137;241;208;land;false;forest;1
449;243;167;180;land;true;forest;1
450;172;210;142;land;false;plains;1
451;114;204;209;land;true;plains;1
452;78;192;240;land;false;plains;1
453;193;224;131;land;false;plains;1
454;172;95;239;land;false;plains;1
455;148;225;247;land;false;desert;1
456;142;214;232;land;true;plains;1
457;195;186;175;land;false;forest;1
458;186;206;212;land;false;plains;1
459;188;156;200;land;false;marsh;1
460;209;227;142;land;false;hills;1
461;232;180;241;land;false;plains;1
462;218;174;111;land;false;jungle;1
463;173;248;224;land;false;forest;1
464;236;173;180;land;false;jungle;1
465;20;244;254;land;false;hills;1
466;210;171;242;land;false;plains;1
467;127;176;200;land;true;plains;1
468;146;237;209;land;false;plains;1
469;122;219;167;land;false;plains;1
470;201;231;216;land;false;forest;1
471;225;163;205;land;true;plains;1
472;252;1;252;land;true;plains;1
473;222;251;180;land;false;plains;1
474;203;205;200;land;false;forest;1
475;174;216;225;land;false;desert;1
476;221;145;220;land;false;jungle;1
477;212;251;98;land;false;plains;1
478;247;227;72;land;true;plains;1
479;225;113;247;land;true;plains;1
480;215;162;169;land;true;plains;1
481;168;233;244;land;false;forest;1
482;177;180;200;land;false;plains;1
483;228;106;213;land;false;mountain;1
484;248;200;253;land;true;forest;1
485;198;94;241;land;false;forest;1
486;219;199;252;land;false;plains;1
487;209;226;170;land;false;desert;1
488;98;238;177;land;false;forest;1
489;253;65;223;land;false;plains;1
490;135;196;193;land;false;hills;1
491;186;186;148;land;false;hills;1
492;251;217;52;land;false;jungle;1
493;188;173;205;land;false;forest;1
494;132;176;231;land;true;forest;1
495;239;155;196;land;false;plains;1
496;218;163;141;land;false;hills;1
497;200;205;170;land;false;plains;1
498;219;171;192;land;false;plains;1
499;225;230;158;land;true;plains;1
500;240;161;108;land;true;plains;1
501;179;107;218;land;false;hills;1
502;215;101;237;land;true;plains;1
503;222;182;237;land;false;desert;1
504;241;234;53;land;true;plains;1
505;228;171;205;land;false;plains;1
506;242;243;111;land;false;plains;1
507;175;173;190;land;false;plains;1
508;246;159;218;land;true;plains;1
509;173;254;149;land;false;plains;1
510;122;218;247;land;false;forest;1
511;214;246;68;land;false;plains;1
512;47;241;253;land;false;hills;1
513;231;131;168;land;false;urban;1
514;235;209;78;land;false;forest;1
515;99;216;231;land;true;plains;1
516;65;227;244;land;false;plains;1
517;204;155;159;land;false;plains;1
518;202;136;183;land;false;plains;1
519;175;217;201;land;false;hills;1
520;215;203;101;land;true;plains;1
521;247;122;140;land;true;plains;1
522;230;120;163;land;false;forest;1
523;207;241;134;land;false;plains;1
524;195;193;119;land;false;forest;1
525;192;253;99;land;false;plains;1
526;235;225;122;land;false;hills;1
527;228;86;221;land;false;forest;1
528;237;246;187;land;false;plains;1
529;60;226;234;land;false;plains;1
530;228;102;227;land;false;hills;1
531;221;157;249;land;true;plains;1
532;231;236;176;land;false;forest;1
533;138;248;245;land;true;plains;1
534;221;200;151;land;false;mountain;1
535;252;236;248;land;true;plains;1
536;164;198;239;land;false;forest;1
537;228;253;119;land;false;desert;1
538;133;233;145;land;false;plains;1
539;216;159;172;land;false;forest;1
540;238;78;236;land;false;plains;1
541;113;249;172;land;true;plains;1
542;130;177;228;land;true;hills;1
543;197;214;108;land;true;hills;1
544;194;169;164;land;false;desert;1
545;173;179;245;land;true;plains;1
546;254;214;151;land;true;plains;1
547;235;191;190;land;false;forest;1
548;107;247;190;land;false;hills;1
549;222;229;250;land;false;hills;1
550;235;182;223;land;false;forest;1
551;254;200;159;land;false;desert;1
552;212;106;227;land;false;plains;1
553;154;191;229;land;false;desert;1
554;157;208;249;land;false;hills;1
555;213;138;179;land;false;mountain;1
556;229;192;93;land;true;plains;1
557;121;219;195;land;false;hills;1
558;224;237;71;land;true;forest;1
559;92;218;230;land;true;plains;1
560;212;93;221;land;false;jungle;1
561;251;176;241;land;false;hills;1
562;228;148;153;land;false;plains;1
563;194;203;167;land;true;plains;1
564;234;236;51;land;false;plains;1
565;231;230;212;land;true;plains;1
566;119;227;217;land;false;mountain;1
567;198;241;145;land;false;plains;1
568;230;230;226;land;true;forest;1
569;181;215;183;land;false;plains;1
570;212;123;209;land;true;plains;1
571;243;131;210;land;false;hills;1
572;200;247;162;land;false;plains;1
573;237;170;142;land;false;hills;1
574;145;186;246;land;true;plains;1
575;250;98;175;land;false;plains;1
576;88;196;249;land;true;plains;1
577;189;173;242;land;false;plains;1
578;231;66;235;land;true;plains;1
579;213;219;215;land;false;mountain;1
580;212;212;139;land;true;plains;1
581;100;241;189;land;false;mountain;1
582;226;143;179;land;false;plains;1
583;136;185;211;land;true;plains;1
584;194;225;167;land;true;plains;1
585;148;210;199;land;false;forest;1
586;87;243;219;land;false;forest;1
587;222;137;195;land;false;hills;1
588;161;106;250;land;false;forest;1
589;234;189;228;land;false;hills;1
590;245;198;71;land;false;plains;1
591;209;160;176;land;false;plains;1
592;138;236;155;land;false;marsh;1
593;254;205;68;land;false;hills;1
594;246;128;136;land;false;desert;1
595;166;178;224;land;false;hills;1
596;187;243;118;land;false;hills;1
597;67;190;253;land;false;desert;1
598;157;155;220;land;false;plains;1
599;210;135;190;land;true;plains;1
600;252;43;219;land;false;forest;1
601;250;94;240;land;false;plains;1
602;122;190;245;land;false;desert;1
603;128;246;164;land;false;desert;1
604;214;185;163;land;false;plains;1
605;94;246;188;land;true;plains;1
606;228;210;65;land;false;plains;1
607;187;173;200;land;false;forest;1
608;231;224;86;land;false;forest;1
609;206;169;142;land;false;plains;1
610;248;157;163;land;false;desert;1
611;127;231;168;land;true;plains;1
612;169;185;195;land;false;plains;1
613;80;224;213;land;false;hills;1
614;124;224;192;land;false;plains;1
615;211;163;190;land;false;hills;1
616;220;130;230;land;false;forest;1
617;245;115;172;land;false;plains;1
618;202;243;109;land;false;mountain;1
619;190;120;200;land;false;desert;1
620;214;249;183;land;false;plains;1
621;221;130;205;land;true;plains;1
622;97;203;204;land;false;hills;1
623;235;217;68;land;false;forest;1
624;184;157;186;land;false;forest;1
625;222;223;137;land;true;plains;1
626;229;138;249;land;false;plains;1
627;201;202;238;land;false;plains;1
628;190;162;219;land;true;plains;1
629;155;244;236;land;false;plains;1
630;243;135;170;land;false;plains;1
631;61;248;192;land;false;forest;1
632;248;119;157;land;false;forest;1
633;209;203;252;land;false;hills;1
634;232;149;190;land;false;plains;1
635;209;240;143;land;true;desert;1
636;231;248;171;land;false;jungle;1
637;220;133;148;land;false;forest;1
638;138;253;166;land;false;plains;1
639;183;234;165;land;true;marsh;1
640;220;162;133;land;false;plains;1
641;226;87;244;land;true;plains;1
642;251;232;219;land;false;plains;1
643;224;225;166;land;false;mountain;1
644;235;136;244;land;false;desert;1
645;185;243;108;land;false;desert;1
646;198;148;177;land;false;plains;1
647;77;218;210;land;true;plains;1
648;214;160;228;land;false;hills;1
649;154;245;190;land;true;plains;1
650;88;208;252;land;false;plains;1
651;205;213;117;land;false;plains;1
652;172;180;240;land;true;forest;1
653;227;117;200;land;false;forest;1
654;253;245;192;land;false;hills;1
655;246;242;149;land;false;plains;1
656;222;217;147;land;false;forest;1
657;183;187;177;land;true;plains;1
658;216;101;205;land;false;plains;1
659;244;93;250;land;false;hills;1
660;216;85;229;land;false;mountain;1
661;165;218;158;land;true;plains;1
662;113;173;231;land;true;desert;1
663;62;253;213;land;false;jungle;1
664;190;136;249;land;false;forest;1
665;165;196;193;land;false;mountain;1
666;191;137;249;land;false;plains;1
667;229;127;218;land;false;jungle;1
668;230;212;225;land;false;forest;1
669;217;223;167;land;true;plains;1
670;199;96;213;land;false;jungle;1
671;213;190;246;land;false;jungle;1
672;175;191;230;land;false;marsh;1
673;173;174;232;land;false;plains;1
674;233;104;234;land;false;mountain;1
675;222;216;63;land;false;mountain;1
676;244;73;208;land;false;plains;1
677;111;169;251;land;true;plains;1
678;210;251;85;land;true;plains;1
679;233;92;194;land;true;plains;1
680;213;229;137;land;false;mountain;1
681;201;102;220;land;true;plains;1
682;199;123;201;land;false;plains;1
683;199;181;207;land;false;plains;1
684;233;126;179;land;false;plains;1
685;241;242;226;land;false;plains;1
686;245;156;171;land;false;hills;1
687;173;197;252;land;false;plains;1
688;195;247;175;land;true;forest;1
689;140;188;185;land;false;plains;1
690;175;124;226;land;false;forest;1
691;236;106;242;land;false;hills;1
692;103;200;232;land;false;hills;1
693;192;241;226;land;true;plains;1
694;220;192;192;land;false;plains;1
695;166;197;168;land;false;plains;1
696;245;225;234;land;false;plains;1
697;133;239;232;land;false;mountain;1
698;189;201;162;land;false;mountain;1
699;160;165;226;land;false;forest;1
700;155;133;219;land;true;forest;1
701;212;200;169;land;true;plains;1
702;249;184;185;land;false;forest;1
703;232;64;206;land;false;plains;1
704;172;226;131;land;false;plains;1
705;192;221;145;land;true;plains;1
706;179;243;112;land;false;hills;1
707;190;149;243;land;false;plains;1
708;236;130;166;land;false;plains;1
709;143;176;244;land;false;plains;1
710;250;232;27;land;false;plains;1
711;57;248;241;land;false;plains;1
712;180;179;180;land;false;forest;1
713;137;197;171;land;false;plains;1
714;154;166;195;land;false;plains;1
715;53;249;201;land;false;plains;1
716;145;202;215;land;false;desert;1
717;186;149;234;land;true;plains;1
718;228;226;87;land;false;forest;1
719;225;223;237;land;false;plains;1
720;129;235;230;land;true;plains;1
721;243;226;191;land;false;hills;1
722;213;52;238;land;false;jungle;1
723;149;159;240;land;false;plains;1
724;142;184;229;land;false;desert;1
725;224;168;143;land;false;forest;1
726;213;199;147;land;false;mountain;1
727;102;227;218;land;true;jungle;1
728;119;228;169;land;false;forest;1
729;137;228;145;land;true;plains;1
730;26;240;240;land;false;forest;1
731;247;105;172;land;false;forest;1
732;212;239;250;land;false;hills;1
733;140;227;243;land;false;hills;1
734;254;252;69;land;false;plains;1
735;177;190;175;land;false;mountain;1
736;192;175;235;land;false;hills;1
737;143;241;210;land;false;marsh;1
738;181;242;231;land;false;desert;1
739;194;222;117;land;false;plains;1
740;185;226;126;land;false;plains;1
741;209;102;240;land;false;forest;1
742;182;125;249;land;true;plains;1
743;142;197;202;land;false;desert;1
744;248;197;144;land;false;desert;1
745;206;221;77;land;false;mountain;1
746;87;166;248;land;false;desert;1
747;221;220;97;land;false;jungle;1
748;207;60;247;land;false;plains;1
749;228;238;253;land;true;plains;1
750;167;228;238;land;false;hills;1
751;223;85;233;land;false;plains;1
752;77;203;224;land;false;hills;1
753;209;213;251;land;false;mountain;1
754;205;172;157;land;false;hills;1
755;81;207;228;land;false;plains;1
756;158;253;114;land;false;plains;1
757;252;210;227;land;false;plains;1
758;184;140;235;land;true;plains;1
759;226;142;233;land;false;mountain;1
760;98;210;193;land;true;plains;1
761;231;81;218;land;false;plains;1
762;221;232;242;land;false;forest;1
763;61;245;218;land;false;plains;1
764;191;179;246;land;false;plains;1
765;88;187;247;land;false;jungle;1
766;188;233;243;land;true;plains;1
767;248;153;118;land;false;forest;1
768;252;203;120;land;true;plains;1
769;211;205;222;land;false;forest;1
770;62;252;201;land;false;desert;1
771;195;193;146;land;false;plains;1
772;209;87;238;land;false;plains;1
773;218;249;201;land;false;plains;1
774;239;164;125;land;true;plains;1
775;166;234;135;land;true;plains;1
776;185;207;195;land;true;plains;1
777;220;140;250;land;true;plains;1
778;170;139;210;land;true;plains;1
779;227;232;189;land;false;hills;1
780;201;139;179;land;true;hills;1
781;250;209;49;land;false;jungle;1
782;234;212;55;land;false;hills;1
783;254;42;238;land;false;plains;1
784;247;112;168;land;false;desert;1
785;127;232;251;land;true;plains;1
786;238;241;140;land;false;hills;1
787;207;227;127;land;true;plains;1
788;199;231;96;land;false;plains;1
789;254;130;141;land;true;plains;1
790;214;201;118;land;true;plains;1
791;227;236;200;land;true;hills;1
792;187;195;215;land;false;plains;1
793;245;176;90;land;false;plains;1
794;225;150;161;land;true;plains;1
795;124;222;213;land;false;plains;1
796;47;225;254;land;false;plains;1
797;146;236;161;land;false;plains;1
798;230;138;204;land;false;mountain;1
799;210;187;231;land;true;desert;1
800;155;235;228;land;false;desert;1
801;137;237;246;land;false;forest;1
802;23;231;254;land;false;hills;1
803;252;65;206;land;true;forest;1
804;154;241;127;land;false;hills;1
805;224;225;82;land;false;plains;1
806;126;148;250;land;true;plains;1
807;246;243;58;land;false;plains;1
808;215;133;237;land;false;forest;1
809;234;140;232;land;false;hills;1
810;223;182;140;land;false;hills;1
811;131;239;141;land;false;plains;1
812;252;201;226;land;false;mountain;1
813;252;178;139;land;false;forest;1
814;219;171;154;land;true;plains;1
815;99;236;176;land;false;forest;1
816;170;183;178;land;false;forest;1
817;227;210;123;land;false;plains;1
818;238;171;148;land;false;plains;1
819;242;153;193;land;true;plains;1
820;230;56;215;land;false;plains;1
821;215;216;114;land;false;forest;1
822;90;217;213;land;false;plains;1
823;129;188;239;land;false;forest;1
824;190;178;172;land;true;forest;1
825;230;191;109;land;false;hills;1
826;169;212;162;land;false;desert;1
827;163;249;240;land;false;plains;1
828;139;222;253;land;false;jungle;1
829;240;70;206;land;false;plains;1
830;66;226;242;land;true;plains;1
831;224;134;223;land;false;plains;1
832;167;168;198;land;false;mountain;1
833;159;246;224;land;true;marsh;1
834;155;201;185;land;false;plains;1
835;235;190;145;land;true;forest;1
836;184;164;184;land;false;mountain;1
837;196;189;235;land;false;plains;1
838;156;220;221;land;false;plains;1
839;109;225;203;land;false;forest;1
840;247;128;139;land;false;hills;1
841;185;143;195;land;false;mountain;1
842;188;205;120;land;false;forest;1
843;175;207;153;land;true;plains;1
844;246;246;141;land;false;plains;1
845;100;229;210;land;true;plains;1
846;170;187;211;land;false;hills;1
847;195;130;244;land;false;plains;1
848;252;157;235;land;false;plains;1
849;215;210;90;land;false;hills;1
850;189;252;137;land;false;plains;1
851;194;215;193;land;false;mountain;1
852;232;131;158;land;false;hills;1
853;218;125;204;land;true;plains;1
854;229;233;85;land;false;forest;1
855;243;208;180;land;false;jungle;1
856;240;237;226;land;false;hills;1
857;230;65;248;land;false;plains;1
858;171;126;243;land;false;plains;1
859;233;164;215;land;false;jungle;1
860;180;179;233;land;false;plains;1
861;245;245;142;land;false;jungle;1
862;196;194;154;land;false;plains;1
863;195;239;252;land;true;forest;1
864;172;145;219;land;false;mountain;1
865;213;205;97;land;false;plains;1
866;101;165;249;land;false;plains;1
867;165;224;136;land;false;forest;1
868;186;252;251;land;false;plains;1
869;172;172;224;land;false;forest;1
870;232;161;132;land;false;desert;1
871;182;137;226;land;false;desert;1
872;207;222;122;land;true;hills;1
873;251;227;26;land;false;jungle;1
874;184;226;185;land;false;plains;1
875;173;218;148;land;false;hills;1
876;145;226;175;land;false;plains;1
877;135;212;219;land;false;jungle;1
878;225;177;192;land;false;forest;1
879;241;223;227;land;false;forest;1
880;184;113;238;land;false;hills;1
881;193;201;241;land;false;hills;1
882;170;188;236;land;false;forest;1
883;218;238;138;land;true;plains;1
884;213;154;187;land;false;hills;1
885;248;233;253;land;false;plains;1
886;196;171;205;land;false;desert;1
887;163;187;229;land;true;plains;1
888;51;226;230;land;true;plains;1
889;247;253;44;land;true;plains;1
890;208;233;127;land;true;plains;1
891;240;176;170;land;false;plains;1
892;228;243;73;land;false;jungle;1
893;230;248;85;land;false;forest;1
894;245;148;191;land;true;plains;1
895;177;226;149;land;false;hills;1
896;181;177;228;land;false;mountain;1
897;224;219;254;land;true;plains;1
898;185;201;126;land;false;plains;1
899;178;224;209;land;false;hills;1
900;222;174;192;land;false;plains;1
901;242;63;206;land;false;mountain;1
902;174;251;82;land;false;mountain;1
903;239;63;243;land;false;desert;1
904;209;192;163;land;false;plains;1
905;159;253;229;land;false;forest;1
906;230;144;149;land;false;hills;1
907;219;80;240;land;false;hills;1
908;131;226;152;land;false;desert;1
909;190;210;120;land;false;plains;1
910;157;215;206;land;false;jungle;1
911;131;153;227;land;false;jungle;1
912;253;143;218;land;false;jungle;1
913;178;235;161;land;true;plains;1
914;199;145;180;land;true;plains;1
915;242;244;123;land;true;plains;1
916;187;179;234;land;true;hills;1
917;24;252;234;land;false;forest;1
918;80;200;254;land;false;hills;1
919;246;122;247;land;false;hills;1
920;226;235;226;land;false;forest;1
921;85;243;234;land;false;plains;1
922;244;239;190;land;true;plains;1
923;132;246;166;land;false;hills;1
924;249;155;120;land;false;plains;1
925;222;138;181;land;true;plains;1
926;240;251;102;land;false;plains;1
927;193;237;122;land;true;plains;1
928;231;204;201;land;false;hills;1
929;189;81;241;land;false;plains;1
930;229;163;157;land;false;forest;1
931;219;254;79;land;true;plains;1
932;174;246;246;land;false;forest;1
933;67;240;221;land;false;plains;1
934;241;69;223;land;false;plains;1
935;197;131;234;land;true;plains;1
936;241;196;134;land;false;plains;1
937;228;250;193;land;true;plains;1
938;254;131;185;land;false;plains;1
939;239;151;181;land;true;plains;1
940;250;202;241;land;false;hills;1
941;143;237;141;land;false;plains;1
942;219;126;236;land;false;forest;1
943;178;182;171;land;false;plains;1
944;139;239;133;land;false;forest;1
945;247;253;39;land;true;plains;1
946;196;111;228;land;false;plains;1
947;212;119;171;land;false;forest;1
948;233;197;229;land;true;plains;1
949;215;117;208;land;false;plains;1
950;177;243;140;land;false;plains;1
951;243;238;177;land;false;forest;1
952;141;250;145;land;false;hills;1
953;254;74;200;land;false;hills;1
954;250;207;171;land;true;plains;1
955;224;43;239;land;false;plains;1
956;29;251;232;land;true;plains;1
957;219;210;87;land;false;jungle;1
958;210;233;81;land;false;hills;1
959;241;198;68;land;false;plains;1
960;155;162;220;land;false;hills;1
961;216;93;223;land;false;desert;1
962;165;137;220;land;false;hills;1
963;78;196;227;land;false;forest;1
964;210;195;207;land;false;hills;1
965;163;241;171;land;false;hills;1
966;168;171;164;land;false;plains;1
967;146;237;233;land;true;plains;1
968;68;194;240;land;false;hills;1
969;119;239;247;land;true;plains;1
970;198;145;191;land;true;plains;1
971;147;246;222;land;false;forest;1
972;97;229;185;land;true;plains;1
973;232;238;40;land;false;mountain;1
974;196;229;212;land;true;plains;1
975;178;195;209;land;false;mountain;1
976;148;150;219;land;false;forest;1
977;253;156;187;land;false;plains;1
978;233;230;106;land;false;plains;1
979;183;252;141;land;false;hills;1
980;254;179;225;land;false;plains;1
981;181;186;221;land;false;forest;1
982;97;230;236;land;true;forest;1
983;164;158;245;land;true;plains;1
984;247;125;243;land;false;hills;1
985;118;248;192;land;true;plains;1
986;180;203;159;land;false;forest;1
987;253;111;145;land;false;forest;1
988;65;223;221;land;true;plains;1
989;242;100;162;land;false;hills;1
990;216;159;232;land;false;desert;1
991;236;253;111;land;true;plains;1
992;242;182;245;land;false;hills;1
993;251;202;106;land;false;forest;1
994;195;171;174;land;true;desert;1
995;176;219;209;land;true;plains;1
996;115;199;244;land;false;hills;1
997;137;165;253;land;false;hills;1
998;122;176;215;land;false;forest;1
999;245;251;80;land;false;plains;1
1000;181;203;136;land;false;mountain;1
1001;165;130;213;land;false;forest;1
1002;71;225;231;land;false;hills;1
1003;206;114;238;land;false;plains;1
1004;226;246;249;land;true;plains;1
1005;228;189;187;land;false;jungle;1
1006;119;248;222;land;false;mountain;1
1007;220;192;198;land;false;plains;1
1008;205;200;199;land;false;mountain;1
1009;216;203;136;land;false;hills;1
1010;209;213;125;land;false;hills;1
1011;179;117;219;land;false;plains;1
1012;187;233;229;land;true;forest;1
1013;158;219;129;land;true;plains;1
1014;245;251;212;land;false;plains;1
1015;233;184;224;land;false;mountain;1
1016;161;155;221;land;false;plains;1
1017;199;236;156;land;false;forest;1
1018;225;211;126;land;false;forest;1
1019;250;242;31;land;false;forest;1
1020;232;74;224;land;false;forest;1
1021;153;225;183;land;false;plains;1
1022;224;237;240;land;false;mountain;1
1023;190;106;213;land;true;plains;1
1024;174;252;117;land;true;desert;1
1025;204;231;213;land;false;jungle;1
1026;126;161;218;land;true;plains;1
1027;135;229;194;land;false;mountain;1
1028;195;213;181;land;true;plains;1
1029;162;127;251;land;false;plains;1
1030;119;209;177;land;true;plains;1
1031;231;208;191;land;false;plains;1
1032;245;249;158;land;false;forest;1
1033;182;243;212;land;false;hills;1
1034;149;253;162;land;false;plains;1
1035;115;248;236;land;false;mountain;1
1036;126;222;246;land;true;plains;1
1037;107;245;231;land;false;hills;1
1038;177;211;184;land;false;forest;1
1039;207;247;154;land;false;forest;1
1040;235;139;148;land;false;forest;1
1041;248;224;214;land;false;forest;1
1042;101;238;230;land;false;plains;1
1043;139;194;220;land;true;plains;1
1044;222;161;163;land;false;plains;1
1045;205;208;148;land;true;forest;1
1046;228;139;166;land;false;forest;1
1047;189;175;162;land;true;forest;1
1048;211;202;101;land;true;plains;1
1049;160;216;186;land;false;desert;1
1050;245;153;248;land;false;plains;1
1051;231;25;250;land;false;forest;1
1052;236;218;203;land;false;mountain;1
1053;165;191;145;land;false;jungle;1
1054;153;154;229;land;false;plains;1
1055;114;245;146;land;true;desert;1
1056;225;203;73;land;false;mountain;1
1057;191;190;249;land;true;plains;1
1058;206;137;227;land;false;plains;1
1059;102;211;235;land;false;forest;1
1060;198;246;232;land;false;forest;1
1061;98;239;206;land;true;plains;1
1062;231;223;93;land;true;plains;1
1063;155;236;245;land;false;plains;1
1064;248;154;235;land;true;plains;1
1065;145;172;209;land;false;forest;1
1066;235;210;83;land;false;plains;1
1067;213;211;154;land;false;plains;1
1068;234;249;134;land;false;plains;1
1069;165;158;207;land;false;hills;1
1070;234;172;202;land;true;plains;1
1071;134;187;224;land;false;plains;1
1072;247;184;251;land;false;desert;1
1073;245;193;240;land;false;plains;1
1074;158;134;210;land;false;jungle;1
1075;151;213;184;land;false;plains;1
1076;219;198;90;land;false;plains;1
1077;198;178;196;land;false;desert;1
1078;230;173;125;land;true;plains;1
1079;212;233;161;land;false;plains;1
1080;253;238;190;land;true;plains;1
1081;218;231;176;land;false;forest;1
1082;212;79;240;land;false;forest;1
1083;238;142;239;land;false;desert;1
1084;250;226;190;land;false;mountain;1
1085;254;249;14;land;false;hills;1
1086;154;239;207;land;false;desert;1
1087;143;162;222;land;false;plains;1
1088;240;247;70;land;false;forest;1
1089;251;151;166;land;false;plains;1
1090;123;231;211;land;false;hills;1
1091;244;129;247;land;false;jungle;1
1092;244;120;226;land;true;plains;1
1093;221;185;223;land;true;urban;1
1094;230;224;75;land;false;hills;1
1095;222;78;230;land;false;forest;1
1096;242;247;176;land;true;plains;1
1097;216;240;173;land;false;forest;1
1098;168;220;158;land;false;hills;1
1099;99;224;250;land;false;desert;1
1100;212;213;248;land;false;jungle;1
1101;222;149;210;land;false;forest;1
1102;209;119;206;land;false;forest;1
1103;228;161;184;land;false;plains;1
1104;176;213;137;land;true;plains;1
1105;171;165;166;land;false;forest;1
1106;233;219;119;land;false;marsh;1
1107;219;230;73;land;false;forest;1
1108;242;103;189;land;false;mountain;1
1109;230;112;241;land;false;jungle;1
1110;236;237;135;land;true;plains;1
1111;242;234;212;land;false;forest;1
1112;178;248;93;land;false;plains;1
1113;243;130;206;land;false;plains;1
1114;217;189;249;land;false;forest;1
1115;189;86;233;land;false;plains;1
1116;227;128;242;land;false;jungle;1
1117;129;187;221;land;false;forest;1
1118;251;236;176;land;false;plains;1
1119;242;207;222;land;false;hills;1
1120;248;231;187;land;false;plains;1
1121;182;177;176;land;false;plains;1
1122;241;125;160;land;false;hills;1
1123;209;228;133;land;false;plains;1
1124;239;240;52;land;true;plains;1
1125;177;205;150;land;true;plains;1
1126;152;160;190;land;false;plains;1
1127;234;95;182;land;true;plains;1
1128;185;120;236;land;false;forest;1
1129;253;117;134;land;true;plains;1
1130;125;238;251;land;false;forest;1
1131;117;170;243;land;false;forest;1
1132;142;241;139;land;false;plains;1
1133;142;204;199;land;true;plains;1
1134;185;237;232;land;true;desert;1
1135;239;130;232;land;false;plains;1
1136;122;228;232;land;false;plains;1
1137;138;171;243;land;false;hills;1
1138;175;146;197;land;false;hills;1
1139;181;246;160;land;false;jungle;1
1140;148;204;182;land;false;hills;1
1141;139;243;206;land;false;plains;1
1142;204;247;176;land;false;mountain;1
1143;216;94;237;land;false;forest;1
1144;132;240;191;land;false;desert;1
1145;230;82;250;land;false;plains;1
1146;196;179;190;land;false;marsh;1
1147;145;227;164;land;false;plains;1
1148;192;189;204;land;false;desert;1
1149;224;99;181;land;true;plains;1
1150;175;239;239;land;true;plains;1
1151;167;223;137;land;false;jungle;1
1152;250;196;201;land;false;plains;1
1153;245;214;48;land;false;plains;1
1154;175;144;199;land;true;plains;1
1155;214;194;246;land;false;desert;1
1156;208;108;241;land;true;plains;1
1157;188;250;160;land;false;jungle;1
1158;140;152;223;land;true;desert;1
1159;244;253;37;land;false;plains;1
1160;240;129;152;land;false;forest;1
1161;127;241;220;land;false;forest;1
1162;229;92;233;land;false;plains;1
1163;211;224;234;land;false;plains;1
1164;121;250;218;land;false;hills;1
1165;219;118;199;land;true;plains;1
1166;34;247;236;land;false;forest;1
1167;106;248;241;land;false;hills;1
1168;169;235;245;land;true;desert;1
1169;214;221;185;land;false;hills;1
1170;223;137;167;land;true;plains;1
1171;148;250;163;land;false;plains;1
1172;194;152;210;land;false;desert;1
1173;155;228;170;land;true;jungle;1
1174;219;247;51;land;true;plains;1
1175;233;201;218;land;false;forest;1
1176;100;186;249;land;true;plains;1
1177;150;153;208;land;false;hills;1
1178;219;234;211;land;false;mountain;1
1179;244;252;79;land;false;plains;1
1180;226;252;54;land;false;forest;1
1181;252;173;238;land;false;hills;1
1182;206;169;192;land;false;plains;1
1183;165;178;179;land;false;plains;1
1184;243;92;195;land;false;mountain;1
1185;231;80;204;land;false;desert;1
1186;251;109;211;land;false;plains;1
1187;134;235;180;land;false;plains;1
1188;188;243;80;land;false;hills;1
1189;180;231;143;land;false;forest;1
1190;204;107;204;land;false;mountain;1
1191;229;246;55;land;true;plains;1
1192;169;247;186;land;false;hills;1
1193;156;252;219;land;false;plains;1
1194;167;111;242;land;false;plains;1
1195;193;225;200;land;false;mountain;1
1196;203;118;250;land;true;plains;1
1197;216;192;243;land;false;plains;1
1198;127;236;235;land;false;plains;1
1199;238;78;242;land;true;forest;1
1200;76;225;225;land;true;plains;1
1201;198;160;158;land;false;desert;1
1202;207;93;209;land;false;hills;1
1203;234;204;208;land;false;plains;1
1204;128;216;227;land;false;forest;1
1205;238;55;242;land;true;plains;1
1206;223;116;179;land;false;forest;1
1207;160;223;157;land;false;forest;1
1208;232;182;145;land;false;plains;1
1209;251;49;254;land;false;plains;1
1210;204;231;78;land;false;mountain;1
1211;101;231;246;land;false;hills;1
1212;237;201;121;land;true;plains;1
1213;170;183;250;land;false;desert;1
1214;244;174;90;land;false;plains;1
1215;252;136;245;land;false;desert;1
1216;249;197;233;land;false;hills;1
1217;197;254;127;land;false;plains;1
1218;225;201;201;land;true;forest;1
1219;238;185;245;land;false;hills;1
1220;167;99;245;land;false;forest;1
1221;204;248;116;land;false;hills;1
1222;236;106;249;land;false;plains;1
1223;180;141;226;land;true;plains;1
1224;253;113;136;land;false;forest;1
1225;248;248;49;land;false;hills;1
1226;228;236;47;land;false;forest;1
1227;83;207;229;land;true;plains;1
1228;210;248;82;land;false;plains;1
1229;88;165;250;land;false;plains;1
1230;238;217;196;land;true;plains;1
1231;213;82;246;land;false;plains;1
1232;163;239;187;land;false;plains;1
1233;146;187;199;land;true;urban;1
1234;217;185;172;land;false;hills;1
1235;142;245;158;land;false;plains;1
1236;210;250;82;land;false;mountain;1
1237;197;248;197;land;false;desert;1
1238;189;187;221;land;true;forest;1
1239;104;240;208;land;false;jungle;1
1240;195;121;202;land;false;plains;1
1241;189;144;245;land;true;plains;1
1242;106;235;190;land;false;plains;1
1243;222;94;213;land;false;forest;1
1244;214;248;147;land;false;hills;1
1245;235;231;149;land;true;hills;1
1246;245;235;168;land;false;desert;1
1247;203;130;214;land;false;hills;1
1248;240;231;54;land;false;jungle;1
1249;104;234;167;land;false;forest;1
1250;217;181;117;land;true;hills;1
1251;199;215;214;land;false;forest;1
1252;138;217;222;land;true;forest;1
1253;220;213;69;land;true;forest;1
1254;246;116;219;land;true;plains;1
1255;249;205;62;land;false;plains;1
1256;137;171;229;land;false;jungle;1
1257;246;243;82;land;false;plains;1
1258;189;175;244;land;true;desert;1
1259;251;196;250;land;false;hills;1
1260;253;170;167;land;false;hills;1
1261;107;236;179;land;false;plains;1
1262;221;231;153;land;false;plains;1
1263;116;232;188;land;false;plains;1
1264;172;208;159;land;false;hills;1
1265;112;199;221;land;true;plains;1
1266;162;175;222;land;false;forest;1
1267;246;117;247;land;true;plains;1
1268;203;151;161;land;false;hills;1
1269;167;168;221;land;true;plains;1
1270;202;131;229;land;true;plains;1
1271;49;236;227;land;false;mountain;1
1272;244;207;98;land;false;mountain;1
1273;242;106;161;land;false;desert;1
1274;211;180;222;land;false;plains;1
1275;129;254;188;land;false;plains;1
1276;135;247;179;land;false;forest;1
1277;231;242;69;land;false;forest;1
1278;251;187;170;land;true;plains;1
1279;189;252;219;land;true;plains;1
1280;242;246;171;land;true;plains;1
1281;201;168;144;land;true;plains;1
1282;249;189;174;land;false;hills;1
1283;212;131;215;land;false;forest;1
1284;218;196;233;land;false;plains;1
1285;190;114;211;land;false;plains;1
1286;243;184;235;land;true;plains;1
1287;205;242;207;land;true;plains;1
1288;247;181;133;land;false;hills;1
1289;210;244;176;land;false;plains;1
1290;164;220;118;land;false;forest;1
1291;178;132;204;land;false;forest;1
1292;242;187;94;land;false;plains;1
1293;166;190;222;land;false;forest;1
1294;123;213;248;land;false;desert;1
1295;162;194;182;land;true;plains;1
1296;242;118;239;land;false;plains;1
1297;174;232;154;land;true;desert;1
1298;251;107;198;land;false;plains;1
1299;156;216;135;land;true;plains;1
1300;121;130;251;land;false;forest;1
1301;252;213;100;land;false;mountain;1
1302;153;209;164;land;false;desert;1
1303;124;228;225;land;false;plains;1
1304;198;225;226;land;false;forest;1
1305;149;248;239;land;false;forest;1
1306;185;207;248;land;false;marsh;1
1307;243;240;107;land;false;forest;1
1308;232;174;203;land;false;plains;1
1309;158;243;200;land;false;plains;1
1310;240;171;216;land;false;jungle;1
1311;236;149;190;land;true;plains;1
1312;99;164;254;land;false;forest;1
1313;88;202;237;land;true;desert;1
1314;253;252;59;land;true;plains;1
1315;122;238;168;land;false;forest;1
1316;183;185;157;land;false;plains;1
1317;198;142;226;land;false;desert;1
1318;148;167;251;land;false;desert;1
1319;253;177;125;land;false;forest;1
1320;217;225;97;land;false;desert;1
1321;122;239;150;land;false;forest;1
1322;125;229;250;land;false;forest;1
1323;222;107;201;land;false;hills;1
1324;218;232;189;land;true;plains;1
1325;200;250;248;land;true;plains;1
1326;192;228;149;land;false;mountain;1
1327;204;104;240;land;false;mountain;1
1328;175;254;146;land;false;mountain;1
1329;207;190;241;land;true;plains;1
1330;229;197;144;land;false;plains;1
1331;230;241;182;land;false;hills;1
1332;244;191;195;land;false;hills;1
1333;172;148;251;land;true;plains;1
1334;249;237;35;land;false;desert;1
1335;187;230;130;land;false;plains;1
1336;184;197;172;land;false;plains;1
1337;184;105;246;land;false;plains;1
1338;170;195;182;land;true;plains;1
1339;235;156;123;land;false;mountain;1
1340;251;233;71;land;false;plains;1
1341;203;176;195;land;false;desert;1
1342;239;222;247;land;false;forest;1
1343;246;203;107;land;false;forest;1
1344;240;139;152;land;false;hills;1
1345;228;130;148;land;false;plains;1
1346;159;237;243;land;false;hills;1
1347;252;230;201;land;true;plains;1
1348;250;180;155;land;true;plains;1
1349;88;253;216;land;false;mountain;1
1350;221;253;121;land;false;hills;1
1351;185;188;214;land;false;mountain;1
1352;234;130;161;land;false;forest;1
1353;250;233;149;land;false;plains;1
1354;239;231;238;land;false;hills;1
1355;163;191;208;land;false;plains;1
1356;219;218;177;land;false;plains;1
1357;130;252;195;land;false;forest;1
1358;199;212;147;land;true;plains;1
1359;249;221;215;land;false;mountain;1
1360;226;179;119;land;true;plains;1
1361;25;254;244;land;true;plains;1
1362;91;194;252;land;false;plains;1
1363;231;145;205;land;true;plains;1
1364;204;150;160;land;false;mountain;1
1365;124;227;164;land;false;desert;1
1366;246;242;221;land;false;plains;1
1367;137;254;176;land;false;plains;1
1368;147;140;231;land;true;forest;1
1369;247;73;195;land;false;plains;1
1370;66;185;253;land;false;plains;1
1371;166;212;229;land;false;hills;1
1372;183;215;156;land;false;forest;1
1373;251;209;172;land;false;plains;1
1374;174;225;113;land;true;forest;1
1375;250;143;147;land;false;forest;1
1376;224;239;244;land;false;hills;1
1377;153;150;251;land;false;plains;1
1378;222;117;218;land;false;desert;1
1379;203;175;250;land;true;hills;1
1380;228;162;118;land;false;plains;1
1381;247;116;235;land;true;plains;1
1382;89;187;234;land;true;plains;1
1383;187;253;181;land;true;jungle;1
1384;226;251;124;land;true;plains;1
1385;63;242;239;land;false;mountain;1
1386;192;180;134;land;true;forest;1
1387;225;94;182;land;false;forest;1
1388;214;167;158;land;false;mountain;1
1389;134;230;149;land;false;plains;1
1390;215;214;113;land;false;plains;1
1391;153;238;222;land;false;plains;1
1392;213;159;197;land;false;plains;1
1393;111;230;238;land;false;hills;1
1394;234;154;155;land;false;plains;1
1395;195;177;200;land;true;plains;1
1396;239;162;235;land;false;hills;1
1397;180;233;236;land;true;plains;1
1398;213;70;246;land;true;plains;1
1399;165;219;148;land;false;forest;1
1400;204;178;121;land;false;plains;1
1401;219;215;189;land;true;plains;1
1402;163;148;214;land;false;forest;1
1403;116;178;231;land;false;plains;1
1404;165;244;246;land;false;plains;1
1405;216;47;252;land;true;plains;1
1406;129;125;249;land;false;plains;1
1407;113;180;243;land;false;desert;1
1408;236;186;199;land;false;desert;1
1409;214;151;140;land;false;plains;1
1410;243;245;129;land;true;forest;1
1411;227;215;165;land;false;forest;1
1412;160;234;175;land;false;forest;1
1413;239;54;226;land;false;hills;1
1414;131;240;178;land;false;plains;1
1415;228;158;177;land;false;plains;1
1416;184;200;203;land;true;plains;1
1417;218;204;114;land;true;plains;1
1418;198;217;165;land;false;mountain;1
1419;228;185;240;land;false;mountain;1
1420;230;122;208;land;false;plains;1
1421;238;225;183;land;false;plains;1
1422;234;78;197;land;false;desert;1
1423;221;222;170;land;true;plains;1
1424;161;212;176;land;false;plains;1
1425;154;195;239;land;false;plains;1
1426;252;63;254;land;false;hills;1
1427;231;219;124;land;false;hills;1
1428;251;79;184;land;false;plains;1
1429;174;229;207;land;false;forest;1
1430;227;209;192;land;false;desert;1
1431;238;189;141;land;false;hills;1
1432;229;203;99;land;false;plains;1
1433;124;161;236;land;false;forest;1
1434;246;233;133;land;false;hills;1
1435;230;237;67;land;false;hills;1
1436;156;155;233;land;false;plains;1
1437;222;220;254;land;true;plains;1
1438;245;219;163;land;false;plains;1
1439;107;248;148;land;true;forest;1
1440;143;248;163;land;true;plains;1
1441;168;97;238;land;false;forest;1
1442;239;76;199;land;false;mountain;1
1443;210;253;180;land;true;urban;1
1444;180;238;220;land;false;plains;1
1445;96;229;197;land;false;marsh;1
1446;169;222;123;land;false;forest;1
1447;77;222;213;land;true;plains;1
1448;251;113;206;land;false;jungle;1
1449;251;146;107;land;true;plains;1
1450;240;116;161;land;false;desert;1
1451;239;224;240;land;false;plains;1
1452;234;205;223;land;true;plains;1
1453;205;247;154;land;true;plains;1
1454;194;207;121;land;false;plains;1
1455;124;250;206;land;false;plains;1
1456;220;229;53;land;true;plains;1
1457;178;198;249;land;false;plains;1
1458;157;174;173;land;false;plains;1
1459;247;156;174;land;false;jungle;1
1460;231;191;247;land;false;plains;1
1461;195;196;214;land;false;mountain;1
1462;121;199;222;land;true;plains;1
1463;233;114;229;land;false;desert;1
1464;203;64;251;land;false;hills;1
1465;98;225;193;land;false;forest;1
1466;231;168;214;land;false;mountain;1
1467;204;111;204;land;false;desert;1
1468;156;225;184;land;true;plains;1
1469;239;89;252;land;false;plains;1
1470;224;228;163;land;false;plains;1
1471;242;166;140;land;false;plains;1
1472;191;165;150;land;false;forest;1
1473;155;220;227;land;false;forest;1
1474;164;232;174;land;true;hills;1
1475;228;142;144;land;false;mountain;1
1476;244;162;228;land;false;plains;1
1477;207;74;254;land;false;hills;1
1478;160;172;254;land;false;plains;1
1479;165;240;153;land;false;plains;1
1480;192;169;216;land;false;plains;1
1481;139;248;226;land;true;hills;1
1482;138;138;235;land;false;plains;1
1483;220;117;241;land;true;plains;1
1484;241;199;220;land;false;plains;1
1485;228;101;185;land;false;plains;1
1486;209;238;142;land;true;plains;1
1487;252;217;67;land;false;plains;1
1488;246;212;96;land;true;forest;1
1489;187;84;241;land;false;plains;1
1490;236;173;254;land;true;urban;1
1491;172;174;217;land;false;desert;1
1492;130;196;185;land;false;hills;1
1493;189;223;167;land;false;hills;1
1494;140;147;249;land;true;plains;1
1495;243;252;55;land;false;plains;1
1496;234;115;152;land;true;plains;1
1497;197;246;162;land;false;jungle;1
1498;210;207;191;land;false;hills;1
1499;138;244;212;land;true;plains;1
1500;175;228;251;land;false;forest;1
1501;252;216;213;land;true;plains;1
1502;238;176;247;land;false;desert;1
1503;210;152;249;land;false;marsh;1
1504;242;237;28;land;true;plains;1
1505;121;197;210;land;false;plains;1
1506;124;230;227;land;false;plains;1
1507;243;113;148;land;false;forest;1
1508;198;140;163;land;true;plains;1
1509;176;190;222;land;false;forest;1
1510;229;122;210;land;true;plains;1
1511;181;190;250;land;false;plains;1
1512;245;237;147;land;false;plains;1
1513;117;220;246;land;false;plains;1
1514;254;119;203;land;true;plains;1
1515;248;238;216;land;false;hills;1
1516;179;249;92;land;false;mountain;1
1517;205;114;203;land;false;forest;1
1518;220;217;121;land;false;hills;1
1519;146;234;198;land;false;hills;1
1520;167;125;209;land;false;jungle;1
1521;193;192;203;land;false;plains;1
1522;233;252;219;land;true;plains;1
1523;179;199;230;land;true;plains;1
1524;203;173;129;land;false;mountain;1
1525;231;133;149;land;false;plains;1
1526;219;190;203;land;false;forest;1
1527;193;181;247;land;false;forest;1
1528;82;224;204;land;false;plains;1
1529;75;246;215;land;true;plains;1
1530;246;115;218;land;false;mountain;1
1531;215;183;212;land;false;hills;1
1532;231;140;183;land;false;forest;1
1533;134;144;227;land;false;desert;1
1534;195;215;209;land;false;desert;1
1535;218;102;199;land;false;forest;1
1536;121;148;244;land;false;desert;1
1537;140;163;244;land;false;desert;1
1538;135;249;203;land;true;plains;1
1539;228;181;182;land;false;desert;1
1540;230;218;96;land;false;plains;1
1541;167;191;241;land;true;forest;1
1542;194;171;166;land;true;plains;1
1543;216;178;219;land;false;plains;1
1544;205;221;162;land;false;hills;1
1545;180;226;158;land;false;plains;1
1546;203;210;219;land;false;plains;1
1547;199;217;157;land;false;plains;1
1548;102;179;239;land;true;plains;1
1549;241;178;151;land;false;hills;1
1550;203;59;239;land;false;hills;1
1551;218;200;89;land;false;plains;1
1552;202;210;141;land;false;desert;1
1553;159;129;242;land;true;forest;1
1554;226;161;207;land;false;hills;1
1555;124;228;194;land;true;hills;1
1556;217;247;39;land;false;plains;1
1557;189;128;224;land;false;hills;1
1558;103;172;246;land;false;hills;1
1559;121;234;184;land;false;desert;1
1560;71;204;242;land;true;plains;1
1561;251;123;198;land;true;hills;1
1562;114;197;206;land;true;plains;1
1563;228;187;229;land;false;hills;1
1564;248;253;187;land;true;plains;1
1565;160;199;160;land;true;plains;1
1566;170;227;187;land;false;mountain;1
1567;96;235;236;land;false;plains;1
1568;106;229;184;land;false;plains;1
1569;142;141;240;land;false;desert;1
1570;182;212;209;land;false;hills;1
1571;236;147;143;land;false;forest;1
1572;247;215;80;land;false;hills;1
1573;234;162;213;land;true;plains;1
1574;133;241;140;land;false;plains;1
1575;214;217;224;land;false;forest;1
1576;235;119;239;land;false;forest;1
1577;177;199;234;land;false;forest;1
1578;185;222;202;land;false;plains;1
1579;190;230;95;land;false;hills;1
1580;246;213;52;land;false;hills;1
1581;184;138;220;land;false;hills;1
1582;209;206;222;land;true;plains;1
1583;149;204;205;land;true;plains;1
1584;251;253;106;land;false;hills;1
1585;236;210;245;land;false;desert;1
1586;103;172;252;land;true;jungle;1
1587;190;194;120;land;false;forest;1
1588;160;232;120;land;true;plains;1
1589;254;161;188;land;true;forest;1
1590;245;250;216;land;true;plains;1
1591;215;151;139;land;true;plains;1
1592;173;171;242;land;false;desert;1
1593;251;161;195;land;true;plains;1
1594;225;162;242;land;false;hills;1
1595;148;245;157;land;false;plains;1
1596;243;250;204;land;true;plains;1
1597;161;234;215;land;false;forest;1
1598;228;61;216;land;true;plains;1
1599;190;252;109;land;false;plains;1
1600;244;225;186;land;false;hills;1
1601;125;209;167;land;true;plains;1
1602;207;182;165;land;false;forest;1
1603;172;167;250;land;false;plains;1
1604;253;247;189;land;false;plains;1
1605;218;210;178;land;false;forest;1
1606;200;138;214;land;false;plains;1
1607;136;189;220;land;true;plains;1
1608;132;200;203;land;false;forest;1
1609;112;200;254;land;false;plains;1
1610;252;146;238;land;false;plains;1
1611;252;54;210;land;true;plains;1
1612;183;181;178;land;false;mountain;1
1613;210;175;243;land;false;forest;1
1614;34;244;230;land;true;plains;1
1615;153;188;236;land;true;plains;1
1616;254;217;51;land;false;plains;1
1617;117;251;188;land;false;mountain;1
1618;196;113;229;land;true;plains;1
1619;243;134;252;land;false;hills;1
1620;203;227;188;land;false;mountain;1
1621;150;242;244;land;false;forest;1
1622;219;106;189;land;false;forest;1
1623;159;242;223;land;false;forest;1
1624;252;99;184;land;true;plains;1
1625;247;128;222;land;false;plains;1
1626;176;170;187;land;false;hills;1
1627;224;197;210;land;false;forest;1
1628;163;208;232;land;false;hills;1
1629;137;205;202;land;false;forest;1
1630;251;242;92;land;false;plains;1
1631;229;127;155;land;true;plains;1
1632;172;246;109;land;false;desert;1
1633;188;92;247;land;false;forest;1
1634;136;211;201;land;false;mountain;1
1635;178;83;247;land;false;forest;1
1636;246;221;104;land;false;desert;1
1637;227;148;212;land;true;plains;1
1638;194;239;78;land;false;desert;1
1639;175;191;212;land;true;plains;1
1640;116;254;165;land;false;plains;1
1641;211;199;180;land;false;plains;1
1642;240;91;234;land;false;plains;1
1643;251;230;94;land;false;plains;1
1644;126;249;175;land;true;plains;1
1645;74;216;230;land;false;plains;1
1646;243;158;225;land;false;jungle;1
1647;199;129;193;land;false;desert;1
1648;185;164;240;land;false;plains;1
1649;189;199;252;land;false;mountain;1
1650;151;235;190;land;true;plains;1
1651;212;82;251;land;false;forest;1
1652;240;119;173;land;false;plains;1
1653;174;215;196;land;false;plains;1
1654;204;242;197;land;true;jungle;1
1655;221;243;212;land;true;forest;1
1656;248;180;177;land;false;desert;1
1657;249;223;75;land;false;forest;1
1658;201;164;184;land;false;desert;1
1659;141;200;203;land;false;jungle;1
1660;246;206;195;land;true;plains;1
1661;165;250;229;land;false;plains;1
1662;252;197;199;land;false;desert;1
1663;242;131;247;land;false;forest;1
1664;149;196;250;land;false;hills;1
1665;222;215;230;land;true;plains;1
1666;244;176;94;land;false;forest;1
1667;158;222;243;land;true;plains;1
1668;204;235;145;land;false;hills;1
1669;203;248;231;land;true;plains;1
1670;192;144;231;land;true;plains;1
1671;216;224;106;land;true;plains;1
1672;170;232;227;land;false;hills;1
1673;208;220;226;land;false;jungle;1
1674;175;197;239;land;false;plains;1
1675;185;182;208;land;false;hills;1
1676;244;121;151;land;false;forest;1
1677;251;71;184;land;false;forest;1
1678;226;53;241;land;true;plains;1
1679;188;234;253;land;true;plains;1
1680;100;204;211;land;false;forest;1
1681;191;241;132;land;false;hills;1
1682;126;248;235;land;false;plains;1
1683;249;62;252;land;false;hills;1
1684;247;149;233;land;false;plains;1
1685;246;240;23;land;true;plains;1
1686;157;247;168;land;false;plains;1
1687;230;248;84;land;false;hills;1
1688;250;111;192;land;false;hills;1
1689;183;210;133;land;false;hills;1
1690;241;123;215;land;false;plains;1
1691;165;209;136;land;false;forest;1
1692;240;188;229;land;false;plains;1
1693;217;97;188;land;false;desert;1
1694;189;177;146;land;false;plains;1
1695;104;206;210;land;false;desert;1
1696;205;215;217;land;false;hills;1
1697;128;172;230;land;false;forest;1
1698;76;194;240;land;true;plains;1
1699;245;217;151;land;true;plains;1
1700;138;174;251;land;false;plains;1
1701;156;162;190;land;false;plains;1
1702;188;204;252;land;false;plains;1
1703;186;192;193;land;false;desert;1
1704;232;243;190;land;true;plains;1
1705;136;197;175;land;true;plains;1
1706;184;157;241;land;false;forest;1
1707;241;250;236;land;true;forest;1
1708;252;72;225;land;true;hills;1
1709;99;223;231;land;false;desert;1
1710;104;212;186;land;false;forest;1
1711;165;203;170;land;false;hills;1
1712;178;186;242;land;true;plains;1
1713;207;249;246;land;false;desert;1
1714;238;215;220;land;true;plains;1
1715;209;212;230;land;false;plains;1
1716;222;179;205;land;false;plains;1
1717;223;200;254;land;false;plains;1
1718;231;221;192;land;true;jungle;1
1719;178;214;138;land;false;plains;1
1720;202;202;118;land;true;plains;1
1721;244;170;185;land;true;plains;1
1722;242;138;121;land;false;forest;1
1723;131;237;250;land;false;hills;1
1724;203;224;153;land;true;plains;1
1725;225;244;123;land;true;plains;1
1726;194;250;161;land;false;forest;1
1727;132;221;208;land;false;plains;1
1728;125;252;241;land;true;plains;1
1729;126;200;250;land;false;mountain;1
1730;249;130;126;land;false;desert;1
1731;214;42;250;land;false;plains;1
1732;248;185;124;land;false;jungle;1
1733;246;91;247;land;false;plains;1
1734;97;231;250;land;false;plains;1
1735;253;215;49;land;false;forest;1
1736;107;186;214;land;false;hills;1
1737;165;169;199;land;false;forest;1
1738;171;171;221;land;true;plains;1
1739;99;234;206;land;false;plains;1
1740;163;174;180;land;false;plains;1
1741;253;164;233;land;false;forest;1
1742;207;207;161;land;true;plains;1
1743;199;132;178;land;false;mountain;1
1744;200;227;229;land;false;plains;1
1745;251;191;137;land;false;plains;1
1746;189;126;206;land;false;plains;1
1747;204;171;173;land;true;plains;1
1748;189;225;141;land;true;plains;1
1749;250;53;245;land;false;hills;1
1750;251;116;154;land;false;hills;1
1751;195;108;232;land;false;plains;1
1752;245;253;119;land;false;jungle;1
1753;118;239;240;land;false;plains;1
1754;248;183;154;land;false;forest;1
1755;109;208;226;land;true;plains;1
1756;126;238;222;land;false;mountain;1
1757;136;193;180;land;false;forest;1
1758;194;139;168;land;false;hills;1
1759;99;194;236;land;false;jungle;1
1760;220;149;192;land;false;jungle;1
1761;211;191;169;land;false;hills;1
1762;109;193;208;land;true;jungle;1
1763;244;137;175;land;false;mountain;1
1764;187;252;101;land;false;jungle;1
1765;94;246;222;land;false;desert;1
1766;190;165;187;land;false;plains;1
1767;186;197;198;land;false;plains;1
1768;128;206;176;land;false;plains;1
1769;50;251;248;land;false;forest;1
1770;191;250;107;land;true;plains;1
1771;197;215;214;land;false;hills;1
1772;224;201;134;land;true;plains;1
1773;73;254;174;land;true;plains;1
1774;191;202;211;land;true;plains;1
1775;208;149;170;land;false;marsh;1
1776;120;192;223;land;false;plains;1
1777;229;236;193;land;false;hills;1
1778;219;173;120;land;true;plains;1
1779;220;211;193;land;false;desert;1
1780;226;101;179;land;false;forest;1
1781;113;188;238;land;true;plains;1
1782;173;247;197;land;false;forest;1
1783;238;207;236;land;true;plains;1
1784;193;250;158;land;false;forest;1
1785;146;215;155;land;false;mountain;1
1786;162;158;202;land;true;plains;1
1787;90;218;221;land;false;forest;1
1788;150;156;232;land;false;plains;1
1789;209;222;185;land;true;plains;1
1790;216;232;172;land;true;plains;1
1791;254;203;101;land;false;forest;1
1792;237;205;231;land;false;plains;1
1793;253;153;212;land;false;hills;1
1794;106;202;226;land;false;hills;1
1795;233;216;250;land;false;mountain;1
1796;167;176;207;land;false;plains;1
1797;224;140;138;land;false;plains;1
1798;249;83;178;land;true;plains;1
1799;170;227;188;land;false;plains;1
1800;82;247;254;land;false;hills;1
1801;250;168;240;land;false;plains;1
1802;195;216;117;land;false;plains;1
1803;241;205;244;land;false;plains;1
1804;195;211;180;land;false;hills;1
1805;94;196;211;land;false;plains;1
1806;175;244;166;land;false;desert;1
1807;217;135;225;land;false;desert;1
1808;119;219;176;land;false;forest;1
1809;236;180;98;land;false;mountain;1
1810;173;189;204;land;false;desert;1
1811;98;179;226;land;false;forest;1
1812;177;217;238;land;false;plains;1
1813;211;184;212;land;true;plains;1
1814;118;176;218;land;false;forest;1
1815;214;108;215;land;false;plains;1
1816;244;236;53;land;true;plains;1
1817;237;171;207;land;true;plains;1
1818;123;193;192;land;false;desert;1
1819;168;122;236;land;false;plains;1
1820;160;190;213;land;true;plains;1
1821;108;188;235;land;false;hills;1
1822;239;115;217;land;true;plains;1
1823;219;86;240;land;false;hills;1
1824;238;121;164;land;false;hills;1
1825;135;192;249;land;false;plains;1
1826;184;198;247;land;true;plains;1
1827;224;233;56;land;false;jungle;1
1828;142;236;149;land;false;hills;1
1829;187;192;241;land;false;plains;1
1830;149;115;245;land;false;hills;1
1831;191;187;229;land;true;plains;1
1832;224;196;87;land;false;plains;1
1833;228;207;144;land;true;forest;1
1834;134;132;237;land;false;jungle;1
1835;212;222;154;land;false;hills;1
1836;218;223;96;land;false;forest;1
1837;234;222;136;land;false;desert;1
1838;254;226;231;land;false;forest;1
1839;223;218;233;land;false;hills;1
1840;175;238;172;land;false;desert;1
1841;212;246;162;land;false;jungle;1
1842;183;184;182;land;false;plains;1
1843;162;159;206;land;false;forest;1
1844;179;201;145;land;false;desert;1
1845;163;153;247;land;false;hills;1
1846;200;233;152;land;false;forest;1
1847;244;243;81;land;true;plains;1
1848;216;157;215;land;false;plains;1
1849;175;193;149;land;false;plains;1
1850;132;224;154;land;true;plains;1
1851;133;240;152;land;false;plains;1
1852;202;236;194;land;false;plains;1
1853;187;243;158;land;false;plains;1
1854;247;126;251;land;false;forest;1
1855;110;154;251;land;false;hills;1
1856;152;165;223;land;false;forest;1
1857;236;24;254;land;false;plains;1
1858;105;252;147;land;false;desert;1
1859;247;208;189;land;false;urban;1
1860;166;252;124;land;true;forest;1
1861;110;232;188;land;true;plains;1
1862;206;212;110;land;false;plains;1
1863;209;190;247;land;false;plains;1
1864;143;198;229;land;false;mountain;1
1865;248;79;183;land;false;desert;1
1866;184;179;226;land;true;plains;1
1867;198;203;212;land;true;plains;1
1868;134;248;193;land;false;forest;1
1869;180;141;247;land;false;desert;1
1870;188;162;211;land;false;hills;1
1871;163;208;139;land;false;desert;1
1872;190;200;119;land;false;hills;1
1873;235;251;170;land;true;plains;1
1874;245;167;146;land;true;plains;1
1875;194;192;176;land;true;plains;1
1876;168;192;154;land;false;plains;1
1877;228;151;212;land;true;plains;1
1878;100;202;233;land;true;plains;1
1879;252;49;249;land;false;plains;1
1880;226;211;122;land;false;desert;1
1881;58;253;254;land;false;plains;1
1882;240;113;151;land;false;plains;1
1883;228;154;186;land;false;hills;1
1884;214;205;228;land;false;hills;1
1885;186;222;109;land;false;plains;1
1886;161;216;221;land;false;forest;1
1887;87;236;253;land;false;plains;1
1888;249;219;192;land;false;plains;1
1889;179;173;159;land;true;desert;1
1890;227;214;102;land;true;plains;1
1891;189;231;125;land;true;plains;1
1892;215;146;237;land;false;hills;1
1893;168;239;219;land;false;forest;1
1894;197;116;207;land;false;desert;1
1895;235;221;120;land;false;jungle;1
1896;165;207;225;land;false;hills;1
1897;218;202;202;land;false;mountain;1
1898;143;213;209;land;true;plains;1
1899;241;169;202;land;false;forest;1
1900;178;226;254;land;false;plains;1
1901;227;241;124;land;true;desert;1
1902;195;193;226;land;false;hills;1
1903;248;247;49;land;true;plains;1
1904;190;96;224;land;true;plains;1
1905;252;223;152;land;true;plains;1
1906;235;185;128;land;false;hills;1
1907;246;241;123;land;false;forest;1
1908;213;211;129;land;true;plains;1
1909;243;184;243;land;false;mountain;1
1910;152;254;239;land;true;plains;1
1911;221;206;175;land;false;plains;1
1912;165;114;84;land;false;hills;1
1913;244;32;228;land;false;plains;1
1914;101;222;223;land;false;desert;1
1915;190;123;229;land;false;forest;1
1916;240;37;238;land;false;hills;1
1917;196;114;235;land;false;forest;1
1918;213;212;192;land;false;plains;1
1919;159;226;174;land;false;hills;1
1920;114;170;235;land;true;plains;1
1921;143;189;217;land;false;forest;1
1922;110;169;236;land;false;forest;1
1923;237;208;182;land;false;forest;1
1924;54;240;252;land;false;plains;1
1925;59;248;217;land;true;plains;1
1926;242;242;155;land;false;forest;1
1927;247;199;57;land;false;desert;1
1928;233;252;95;land;false;hills;1
1929;149;173;186;land;false;hills;1
1930;137;235;179;land;false;hills;1
1931;175;132;210;land;false;hills;1
1932;176;234;149;land;false;mountain;1
1933;202;163;180;land;false;plains;1
1934;213;236;211;land;false;jungle;1
1935;94;234;251;land;false;desert;1
1936;185;250;118;land;false;hills;1
1937;156;132;220;land;false;desert;1
1938;251;200;208;land;false;forest;1
1939;119;252;191;land;true;plains;1
1940;236;138;235;land;false;desert;1
1941;163;249;210;land;true;forest;1
1942;202;135;230;land;false;hills;1
1943;142;231;189;land;true;plains;1
1944;158;242;141;land;true;plains;1
1945;234;156;213;land;false;desert;1
1946;129;161;214;land;true;plains;1
1947;254;196;159;land;false;plains;1
1948;198;224;251;land;false;desert;1
1949;232;173;173;land;false;hills;1
1950;243;169;213;land;false;plains;1
1951;245;95;234;land;false;plains;1
1952;222;245;155;land;false;hills;1
1953;238;241;182;land;false;plains;1
1954;89;243;225;land;false;plains;1
1955;173;124;210;land;false;plains;1
1956;227;33;247;land;true;plains;1
1957;227;207;77;land;false;plains;1
1958;216;187;214;land;false;plains;1
1959;230;150;221;land;false;mountain;1
1960;230;74;217;land;false;plains;1
1961;122;186;200;land;false;hills;1
1962;240;218;155;land;true;forest;1
1963;250;125;133;land;false;forest;1
1964;243;146;153;land;false;mountain;1
1965;205;168;142;land;false;forest;1
1966;242;114;208;land;false;plains;1
1967;100;235;167;land;false;plains;1
1968;213;245;230;land;false;plains;1
1969;140;227;190;land;false;forest;1
1970;244;234;169;land;false;desert;1
1971;223;238;112;land;false;forest;1
1972;98;213;195;land;true;plains;1
1973;233;116;249;land;false;forest;1
1974;228;245;203;land;false;hills;1
1975;248;199;169;land;false;plains;1
1976;55;228;246;land;false;plains;1
1977;146;174;253;land;false;plains;1
1978;123;177;203;land;false;plains;1
1979;80;236;187;land;true;plains;1
1980;208;191;107;land;true;desert;1
1981;42;253;222;land;false;plains;1
1982;245;194;67;land;false;plains;1
1983;233;189;86;land;false;plains;1
1984;115;243;192;land;true;plains;1
1985;233;174;190;land;true;jungle;1
1986;246;179;171;land;false;forest;1
1987;234;170;114;land;false;plains;1
1988;196;166;194;land;false;desert;1
1989;215;153;210;land;false;hills;1
1990;171;146;210;land;false;plains;1
1991;252;214;130;land;false;mountain;1
1992;110;252;153;land;false;forest;1
1993;205;219;128;land;true;urban;1
1994;232;168;217;land;false;forest;1
1995;152;227;210;land;false;plains;1
1996;85;196;250;land;false;jungle;1
1997;202;246;242;land;false;desert;1
1998;163;214;198;land;false;forest;1
1999;173;97;236;land;false;forest;1
2000;223;244;119;land;false;forest;1
2001;224;196;208;land;false;jungle;1
2002;100;223;187;land;false;hills;1
2003;80;244;211;land;false;jungle;1
2004;184;248;110;land;false;forest;1
2005;236;59;219;land;false;forest;1
2006;191;239;96;land;true;plains;1
2007;187;128;203;land;false;plains;1
2008;81;219;245;land;true;plains;1
2009;208;244;63;land;false;plains;1
2010;120;191;203;land;false;mountain;1
2011;225;137;184;land;false;desert;1
2012;207;227;198;land;true;forest;1
2013;244;171;172;land;false;plains;1
2014;183;177;160;land;true;plains;1
2015;155;225;221;land;true;plains;1
2016;126;231;174;land;false;hills;1
2017;250;137;141;land;false;plains;1
2018;115;223;189;land;false;jungle;1
2019;189;210;146;land;false;desert;1
2020;253;156;155;land;false;forest;1
2021;128;212;215;land;false;hills;1
2022;111;217;221;land;false;hills;1
2023;249;213;44;land;false;forest;1
2024;79;243;181;land;true;plains;1
2025;171;219;185;land;false;plains;1
2026;229;192;161;land;false;desert;1
2027;201;183;234;land;false;urban;1
2028;138;217;205;land;false;hills;1
2029;147;220;164;land;true;plains;1
2030;204;218;132;land;false;mountain;1
2031;192;164;167;land;false;plains;1
2032;244;99;207;land;false;plains;1
2033;235;171;230;land;false;hills;1
2034;233;43;248;land;true;plains;1
2035;190;243;122;land;true;plains;1
2036;253;181;128;land;false;hills;1
2037;250;177;240;land;true;plains;1
2038;250;253;85;land;false;mountain;1
2039;121;190;205;land;false;plains;1
2040;226;248;230;land;false;plains;1
2041;250;124;207;land;false;hills;1
2042;251;148;199;land;false;mountain;1
2043;248;82;199;land;false;plains;1
2044;234;160;126;land;true;plains;1
2045;251;97;229;land;false;desert;1
2046;248;160;246;land;false;plains;1
2047;250;114;167;land;false;forest;1
2048;118;230;182;land;false;plains;1
2049;164;253;214;land;false;plains;1
2050;249;220;122;land;false;forest;1
2051;44;226;246;land;true;plains;1
2052;219;63;250;land;false;jungle;1
2053;242;190;211;land;true;plains;1
2054;201;213;95;land;true;plains;1
2055;174;161;167;land;false;hills;1
2056;140;214;211;land;true;forest;1
2057;226;216;212;land;false;plains;1
2058;219;162;212;land;true;plains;1
2059;224;174;119;land;true;forest;1
2060;149;200;238;land;false;forest;1
2061;141;217;220;land;false;plains;1
2062;244;222;173;land;false;desert;1
2063;197;172;172;land;false;plains;1
2064;84;231;223;land;true;plains;1
2065;131;211;246;land;false;plains;1
2066;244;237;54;land;false;plains;1
2067;202;205;232;land;true;forest;1
2068;249;252;175;land;true;plains;1
2069;133;222;203;land;true;plains;1
2070;217;250;56;land;true;forest;1
2071;177;131;235;land;true;plains;1
2072;163;223;192;land;false;plains;1
2073;95;224;216;land;false;plains;1
2074;132;165;251;land;true;urban;1
2075;189;228;125;land;false;jungle;1
2076;251;184;206;land;false;forest;1
2077;248;174;89;land;false;mountain;1
2078;152;205;253;land;false;forest;1
2079;173;251;243;land;false;hills;1
2080;166;185;165;land;false;desert;1
2081;243;161;208;land;false;desert;1
2082;91;202;208;land;false;plains;1
2083;185;219;184;land;false;desert;1
2084;218;136;198;land;false;hills;1
2085;127;204;227;land;false;desert;1
2086;222;202;144;land;false;desert;1
2087;119;216;229;land;false;forest;1
2088;218;92;253;land;false;hills;1
2089;91;241;186;land;false;forest;1
2090;104;183;236;land;false;hills;1
2091;229;157;206;land;false;hills;1
2092;220;195;122;land;false;jungle;1
2093;250;211;172;land;false;plains;1
2094;117;252;154;land;false;forest;1
2095;209;154;160;land;false;jungle;1
2096;199;242;124;land;false;mountain;1
2097;226;190;103;land;false;plains;1
2098;237;162;114;land;false;plains;1
2099;252;125;243;land;false;forest;1
2100;212;117;213;land;false;plains;1
2101;204;210;151;land;true;plains;1
2102;101;234;175;land;false;plains;1
2103;241;236;153;land;false;plains;1
2104;170;225;142;land;true;plains;1
2105;223;232;84;land;true;plains;1
2106;197;91;252;land;true;plains;1
2107;250;231;158;land;false;plains;1
2108;223;176;109;land;true;hills;1
2109;160;213;244;land;false;plains;1
2110;244;211;137;land;false;hills;1
2111;185;251;168;land;false;forest;1
2112;199;184;186;land;false;hills;1
2113;224;168;171;land;false;plains;1
2114;216;168;149;land;false;plains;1
2115;221;116;178;land;false;plains;1
2116;201;238;206;land;true;plains;1
2117;198;146;211;land;false;desert;1
2118;228;226;214;land;true;plains;1
2119;225;166;124;land;true;plains;1
2120;156;217;166;land;false;hills;1
2121;188;119;218;land;false;hills;1
2122;129;247;154;land;true;plains;1
2123;200;254;58;land;false;forest;1
2124;220;162;122;land;false;forest;1
2125;135;221;153;land;false;forest;1
2126;251;119;198;land;false;hills;1
2127;135;246;182;land;false;hills;1
2128;247;151;136;land;false;hills;1
2129;232;176;185;land;false;forest;1
2130;253;243;241;land;false;plains;1
2131;178;213;228;land;true;plains;1
2132;239;204;62;land;false;hills;1
2133;187;130;213;land;true;plains;1
2134;247;195;239;land;false;mountain;1
2135;218;109;220;land;false;forest;1
2136;249;93;250;land;false;desert;1
2137;154;235;170;land;true;plains;1
2138;228;160;170;land;false;hills;1
2139;213;65;232;land;true;forest;1
2140;234;122;167;land;false;desert;1
2141;177;144;215;land;true;plains;1
2142;215;85;212;land;true;plains;1
2143;201;201;228;land;true;plains;1
2144;156;224;227;land;true;forest;1
2145;230;195;164;land;false;forest;1
2146;245;70;200;land;false;forest;1
2147;233;157;215;land;true;plains;1
2148;224;137;218;land;true;plains;1
2149;199;226;225;land;false;desert;1
2150;189;251;116;land;false;hills;1
2151;204;73;231;land;false;desert;1
2152;223;86;216;land;false;mountain;1
2153;253;136;223;land;true;plains;1
2154;157;247;140;land;true;plains;1
2155;166;156;184;land;true;plains;1
2156;223;240;41;land;false;forest;1
2157;163;230;176;land;false;hills;1
2158;239;246;54;land;false;plains;1
2159;222;248;118;land;true;plains;1
2160;245;194;70;land;false;forest;1
2161;64;244;240;land;false;plains;1
2162;190;152;171;land;false;forest;1
2163;243;248;245;land;false;jungle;1
2164;200;120;197;land;false;plains;1
2165;233;169;228;land;false;mountain;1
2166;165;228;113;land;false;forest;1
2167;97;248;201;land;false;forest;1
2168;198;216;200;land;false;jungle;1
2169;175;176;238;land;true;plains;1
2170;219;189;253;land;false;jungle;1
2171;199;201;160;land;false;plains;1
2172;243;243;81;land;false;jungle;1
2173;243;131;199;land;false;forest;1
2174;229;130;147;land;false;plains;1
2175;207;147;166;land;false;mountain;1
2176;141;236;145;land;false;hills;1
2177;149;218;232;land;false;mountain;1
2178;184;147;237;land;false;plains;1
2179;172;167;213;land;false;plains;1
2180;221;114;252;land;false;forest;1
2181;182;218;102;land;false;hills;1
2182;159;157;236;land;false;plains;1
2183;195;223;229;land;false;plains;1
2184;34;248;246;land;true;forest;1
2185;209;185;210;land;true;plains;1
2186;93;207;226;land;false;plains;1
2187;192;193;225;land;false;plains;1
2188;249;244;228;land;false;forest;1
2189;234;62;240;land;false;plains;1
2190;253;242;125;land;false;hills;1
2191;124;225;169;land;false;plains;1
2192;141;205;211;land;false;hills;1
2193;203;240;74;land;false;desert;1
2194;206;205;211;land;true;plains;1
2195;250;225;76;land;false;desert;1
2196;223;100;223;land;false;hills;1
2197;173;182;231;land;true;plains;1
2198;100;240;194;land;true;plains;1
2199;189;126;243;land;false;hills;1
2200;186;224;207;land;false;hills;1
2201;175;156;225;land;false;hills;1
2202;246;107;212;land;false;plains;1
2203;148;152;209;land;false;hills;1
2204;153;142;233;land;false;desert;1
2205;252;163;177;land;false;forest;1
2206;177;167;235;land;false;desert;1
2207;247;160;152;land;false;mountain;1
2208;204;215;223;land;false;forest;1
2209;158;230;135;land;false;forest;1
2210;192;95;239;land;true;plains;1
2211;227;199;243;land;true;plains;1
2212;236;231;202;land;false;hills;1
2213;215;95;191;land;false;plains;1
2214;203;216;126;land;false;hills;1
2215;120;219;174;land;true;plains;1
2216;182;236;217;land;true;plains;1
2217;152;208;212;land;true;plains;1
2218;190;201;234;land;true;plains;1
2219;229;242;104;land;false;plains;1
2220;249;155;134;land;true;plains;1
2221;128;239;151;land;false;hills;1
2222;209;250;142;land;true;plains;1
2223;230;170;126;land;true;plains;1
2224;207;204;242;land;false;hills;1
2225;152;188;181;land;false;hills;1
2226;173;238;173;land;false;desert;1
2227;247;145;243;land;true;plains;1
2228;158;187;228;land;false;plains;1
2229;225;181;173;land;true;plains;1
2230;242;235;128;land;false;hills;1
2231;125;232;246;land;false;plains;1
2232;252;225;64;land;false;plains;1
2233;211;191;227;land;false;mountain;1
2234;217;155;231;land;true;plains;1
2235;91;230;249;land;false;hills;1
2236;235;244;109;land;false;marsh;1
2237;232;61;248;land;false;hills;1
2238;241;144;229;land;false;mountain;1
2239;52;218;231;land;false;hills;1
2240;237;52;231;land;false;plains;1
2241;202;87;216;land;true;hills;1
2242;224;122;212;land;false;mountain;1
2243;177;112;241;land;false;plains;1
2244;112;144;247;land;false;mountain;1
2245;187;254;144;land;false;hills;1
2246;124;224;175;land;true;plains;1
2247;253;253;240;land;false;hills;1
2248;104;253;226;land;true;plains;1
2249;176;150;252;land;false;forest;1
2250;216;108;188;land;false;hills;1
2251;223;219;128;land;false;hills;1
2252;228;242;115;land;false;plains;1
2253;86;233;232;land;false;forest;1
2254;150;191;240;land;true;plains;1
2255;124;226;224;land;false;jungle;1
2256;233;154;218;land;false;mountain;1
2257;226;235;191;land;true;plains;1
2258;131;206;243;land;false;plains;1
2259;205;154;166;land;false;forest;1
2260;166;199;228;land;false;plains;1
2261;206;196;187;land;false;jungle;1
2262;228;167;130;land;false;desert;1
2263;193;238;102;land;true;plains;1
2264;243;94;221;land;false;plains;1
2265;106;204;194;land;false;marsh;1
2266;126;213;209;land;false;mountain;1
2267;224;197;195;land;false;forest;1
2268;205;125;240;land;false;plains;1
2269;119;199;233;land;false;hills;1
2270;184;231;87;land;true;plains;1
2271;178;172;223;land;false;urban;1
2272;94;218;223;land;true;plains;1
2273;207;214;200;land;false;plains;1
2274;243;185;171;land;false;hills;1
2275;139;162;225;land;false;hills;1
2276;215;231;99;land;false;forest;1
2277;251;189;193;land;false;desert;1
2278;233;254;206;land;false;mountain;1
2279;169;248;199;land;false;desert;1
2280;242;157;126;land;false;plains;1
2281;82;249;212;land;false;forest;1
2282;219;250;39;land;false;plains;1
2283;250;78;176;land;true;plains;1
2284;228;228;226;land;true;plains;1
2285;221;111;232;land;true;plains;1
2286;212;216;111;land;false;jungle;1
2287;140;165;226;land;false;forest;1
2288;247;122;164;land;true;plains;1
2289;138;195;203;land;false;hills;1
2290;207;216;110;land;true;plains;1
2291;249;246;11;land;false;hills;1
2292;176;248;220;land;true;plains;1
2293;185;116;221;land;false;plains;1
2294;250;230;123;land;false;plains;1
2295;240;225;191;land;false;plains;1
2296;187;221;174;land;false;jungle;1
2297;162;115;238;land;false;plains;1
2298;232;135;157;land;false;forest;1
2299;218;204;219;land;true;plains;1
2300;241;180;238;land;false;marsh;1
2301;142;226;251;land;false;mountain;1
2302;193;250;187;land;false;plains;1
2303;179;164;209;land;false;desert;1
2304;248;217;45;land;true;plains;1
2305;148;191;169;land;false;plains;1
2306;155;211;251;land;false;desert;1
2307;109;241;195;land;false;forest;1
2308;216;190;245;land;false;mountain;1
2309;201;248;171;land;false;plains;1
2310;229;231;242;land;false;forest;1
2311;202;127;180;land;false;plains;1
2312;151;201;237;land;false;plains;1
2313;179;176;221;land;false;jungle;1
2314;111;186;208;land;false;forest;1
2315;196;106;242;land;true;plains;1
2316;134;207;210;land;false;plains;1
2317;244;236;108;land;false;hills;1
2318;223;174;239;land;true;forest;1
2319;213;172;125;land;false;mountain;1
2320;254;211;96;land;false;plains;1
2321;236;227;67;land;false;plains;1
2322;183;106;246;land;false;hills;1
2323;226;84;247;land;false;forest;1
2324;199;221;168;land;false;forest;1
2325;110;230;211;land;false;plains;1
2326;149;242;186;land;true;plains;1
2327;39;220;249;land;false;plains;1
2328;113;226;244;land;false;mountain;1
2329;234;249;226;land;false;plains;1
2330;171;229;148;land;true;desert;1
2331;117;211;209;land;false;plains;1
2332;247;228;242;land;false;plains;1
2333;245;247;218;land;false;mountain;1
2334;123;158;249;land;false;desert;1
2335;149;188;228;land;false;jungle;1
2336;168;193;153;land;false;jungle;1
2337;154;155;206;land;false;hills;1
2338;210;134;245;land;false;plains;1
2339;165;209;195;land;false;plains;1
2340;141;194;168;land;false;forest;1
2341;200;147;230;land;false;forest;1
2342;227;98;196;land;false;hills;1
2343;253;126;184;land;false;plains;1
2344;237;159;132;land;false;plains;1
2345;164;170;197;land;false;hills;1
2346;183;173;160;land;false;forest;1
2347;252;208;202;land;true;plains;1
2348;186;178;185;land;false;forest;1
2349;191;216;168;land;false;plains;1
2350;128;239;248;land;false;jungle;1
2351;204;240;198;land;true;plains;1
2352;52;236;215;land;true;plains;1
2353;199;220;164;land;false;plains;1
2354;233;222;152;land;false;plains;1
2355;133;247;191;land;false;hills;1
2356;49;225;234;land;true;plains;1
2357;209;186;127;land;false;plains;1
2358;236;251;57;land;false;hills;1
2359;214;119;187;land;false;plains;1
2360;142;250;248;land;false;plains;1
2361;188;177;164;land;false;hills;1
2362;60;225;222;land;false;hills;1
2363;246;211;56;land;false;hills;1
2364;234;208;203;land;false;plains;1
2365;192;238;73;land;false;plains;1
2366;242;186;200;land;false;urban;1
2367;213;201;147;land;true;hills;1
2368;72;211;240;land;false;jungle;1
2369;186;190;217;land;false;plains;1
2370;105;239;212;land;true;plains;1
2371;208;168;204;land;true;plains;1
2372;159;176;199;land;false;plains;1
2373;94;249;190;land;true;plains;1
2374;145;189;206;land;true;plains;1
2375;217;172;192;land;false;desert;1
2376;139;141;243;land;false;desert;1
2377;94;253;229;land;true;plains;1
2378;85;214;237;land;true;plains;1
2379;121;133;248;land;false;hills;1
2380;187;191;168;land;true;forest;1
2381;144;169;242;land;false;plains;1
2382;244;236;106;land;false;mountain;1
2383;129;137;251;land;true;plains;1
2384;88;196;231;land;false;plains;1
2385;124;167;236;land;false;forest;1
2386;159;167;197;land;true;plains;1
2387;155;221;225;land;false;plains;1
2388;254;145;188;land;false;desert;1
2389;196;239;193;land;true;plains;1
2390;178;237;92;land;false;forest;1
2391;228;162;214;land;false;forest;1
2392;172;166;201;land;false;forest;1
2393;206;250;151;land;false;plains;1
2394;156;199;155;land;true;plains;1
2395;179;90;242;land;true;plains;1
2396;213;193;153;land;true;plains;1
2397;248;122;227;land;false;mountain;1
2398;66;208;244;land;false;plains;1
2399;165;246;138;land;true;plains;1
2400;186;144;227;land;false;forest;1
2401;190;189;202;land;false;plains;1
2402;220;123;171;land;false;plains;1
2403;114;235;179;land;true;forest;1
2404;98;202;249;land;false;forest;1
2405;55;236;236;land;false;hills;1
2406;170;187;209;land;false;plains;1
2407;238;175;161;land;false;forest;1
2408;252;42;232;land;false;forest;1
2409;239;195;75;land;true;forest;1
2410;206;213;228;land;false;plains;1
2411;233;92;252;land;false;plains;1
2412;245;127;179;land;false;desert;1
2413;231;219;160;land;false;mountain;1
2414;204;84;229;land;false;mountain;1
2415;220;129;224;land;false;forest;1
2416;252;212;58;land;false;desert;1
2417;142;237;181;land;false;desert;1
2418;248;56;209;land;false;plains;1
2419;240;76;231;land;false;desert;1
2420;193;211;107;land;false;plains;1
2421;186;66;254;land;true;plains;1
2422;117;233;212;land;false;forest;1
2423;227;227;115;land;true;plains;1
2424;243;237;94;land;true;plains;1
2425;202;150;231;land;false;plains;1
2426;147;228;140;land;false;hills;1
2427;183;113;206;land;false;plains;1
2428;81;254;216;land;false;desert;1
2429;159;241;131;land;false;hills;1
2430;241;200;116;land;true;plains;1
2431;136;200;165;land;false;forest;1
2432;186;183;247;land;false;forest;1
2433;247;67;252;land;false;plains;1
2434;227;220;252;land;true;plains;1
2435;244;229;35;land;false;forest;1
2436;67;211;225;land;false;plains;1
2437;206;142;191;land;false;plains;1
2438;42;246;214;land;false;desert;1
2439;216;185;189;land;false;forest;1
2440;249;242;28;land;false;hills;1
2441;251;247;6;land;false;plains;1
2442;250;109;177;land;false;forest;1
2443;236;238;98;land;true;forest;1
2444;203;117;244;land;true;plains;1
2445;105;205;235;land;false;forest;1
2446;229;224;120;land;false;forest;1
2447;210;211;220;land;true;desert;1
2448;235;214;247;land;false;forest;1
2449;46;228;245;land;false;plains;1
2450;103;253;220;land;false;plains;1
2451;202;236;92;land;false;mountain;1
2452;219;213;174;land;false;marsh;1
2453;184;198;120;land;false;desert;1
2454;206;236;153;land;false;forest;1
2455;231;243;196;land;false;jungle;1
2456;202;200;191;land;false;hills;1
2457;200;121;220;land;false;plains;1
2458;149;156;204;land;false;hills;1
2459;218;227;179;land;false;plains;1
2460;220;202;252;land;false;plains;1
2461;217;228;236;land;false;hills;1
2462;111;155;239;land;false;jungle;1
2463;156;124;225;land;true;plains;1
2464;176;228;227;land;false;hills;1
2465;83;197;223;land;true;plains;1
2466;197;204;113;land;false;plains;1
2467;228;141;231;land;false;forest;1
2468;239;223;226;land;false;mountain;1
2469;113;216;187;land;true;plains;1
2470;187;250;222;land;false;mountain;1
2471;187;128;215;land;false;plains;1
2472;213;105;252;land;false;forest;1
2473;215;237;115;land;false;mountain;1
2474;183;216;193;land;false;forest;1
2475;251;192;162;land;false;plains;1
2476;197;224;243;land;false;mountain;1
2477;127;246;214;land;false;forest;1
2478;195;230;162;land;false;forest;1
2479;161;215;153;land;true;hills;1
2480;194;201;146;land;true;plains;1
2481;68;253;227;land;false;desert;1
2482;221;204;154;land;false;mountain;1
2483;232;243;232;land;true;forest;1
2484;211;200;197;land;false;plains;1
2485;235;58;242;land;false;plains;1
2486;190;105;231;land;true;plains;1
2487;184;199;235;land;false;plains;1
2488;200;171;136;land;false;forest;1
2489;181;248;243;land;false;hills;1
2490;179;237;175;land;false;desert;1
2491;148;202;250;land;false;forest;1
2492;232;169;113;land;false;jungle;1
2493;219;151;231;land;true;plains;1
2494;253;163;122;land;false;hills;1
2495;179;182;188;land;true;plains;1
2496;139;200;246;land;false;mountain;1
2497;177;218;116;land;true;plains;1
2498;209;105;195;land;true;plains;1
2499;228;233;247;land;false;forest;1
2500;135;199;212;land;false;plains;1
2501;141;239;204;land;false;plains;1
2502;217;135;180;land;false;plains;1
2503;141;182;232;land;true;plains;1
2504;144;231;164;land;false;plains;1
2505;130;185;213;land;true;plains;1
2506;207;211;236;land;false;plains;1
2507;235;247;226;land;false;plains;1
2508;214;235;200;land;false;plains;1
2509;39;251;235;land;true;plains;1
2510;194;186;198;land;true;forest;1
2511;155;205;224;land;false;desert;1
2512;211;69;245;land;false;forest;1
2513;144;207;235;land;false;plains;1
2514;242;146;146;land;false;hills;1
2515;145;122;250;land;false;hills;1
2516;174;123;229;land;true;plains;1
2517;156;118;240;land;true;plains;1
2518;170;128;248;land;false;desert;1
2519;205;117;211;land;false;plains;1
2520;252;107;237;land;true;plains;1
2521;242;204;60;land;false;mountain;1
2522;245;102;225;land;false;plains;1
2523;224;199;134;land;true;plains;1
2524;201;222;235;land;false;forest;1
2525;68;244;211;land;false;desert;1
2526;239;92;214;land;false;desert;1
2527;139;167;209;land;false;hills;1
2528;235;167;136;land;true;plains;1
2529;164;188;239;land;false;plains;1
2530;238;191;218;land;true;plains;1
2531;199;56;251;land;false;desert;1
2532;248;133;226;land;false;forest;1
2533;207;191;251;land;false;forest;1
2534;215;238;163;land;false;hills;1
2535;195;202;175;land;false;hills;1
2536;181;191;131;land;false;forest;1
2537;177;199;250;land;false;plains;1
2538;236;233;203;land;false;forest;1
2539;213;205;103;land;false;plains;1
2540;151;188;209;land;false;desert;1
2541;153;243;133;land;true;plains;1
2542;145;183;220;land;false;forest;1
2543;140;227;175;land;false;forest;1
2544;126;243;189;land;false;jungle;1
2545;110;244;158;land;false;mountain;1
2546;145;134;230;land;false;plains;1
2547;221;193;225;land;false;forest;1
2548;246;243;89;land;false;forest;1
2549;234;161;160;land;false;desert;1
2550;165;252;217;land;false;plains;1
2551;69;244;221;land;true;plains;1
2552;236;107;216;land;false;forest;1
2553;54;243;209;land;false;forest;1
2554;225;136;210;land;true;plains;1
2555;172;202;200;land;false;hills;1
2556;204;124;227;land;true;plains;1
2557;196;87;240;land;false;forest;1
2558;162;157;239;land;false;plains;1
2559;194;171;217;land;false;plains;1
2560;220;90;241;land;false;forest;1
2561;202;250;174;land;false;jungle;1
2562;215;205;202;land;false;plains;1
2563;226;174;170;land;false;desert;1
2564;217;173;213;land;false;plains;1
2565;133;223;222;land;true;plains;1
2566;214;242;89;land;false;forest;1
2567;250;203;209;land;false;forest;1
2568;228;140;233;land;false;hills;1
2569;127;203;247;land;false;forest;1
2570;216;103;217;land;false;desert;1
2571;213;115;201;land;false;hills;1
2572;226;246;153;land;false;jungle;1
2573;212;215;198;land;false;hills;1
2574;187;241;158;land;false;plains;1
2575;95;185;238;land;false;plains;1
2576;184;228;248;land;false;plains;1
2577;249;141;173;land;true;plains;1
2578;136;195;220;land;false;plains;1
2579;168;220;189;land;false;hills;1
2580;224;122;239;land;false;jungle;1
2581;217;131;222;land;true;plains;1
2582;216;105;236;land;false;forest;1
2583;218;192;132;land;false;plains;1
2584;156;154;239;land;false;plains;1
2585;141;242;211;land;false;plains;1
2586;179;158;248;land;false;hills;1
2587;84;250;226;land;true;jungle;1
2588;132;214;189;land;false;plains;1
2589;251;222;153;land;false;plains;1
2590;243;181;84;land;false;forest;1
2591;252;152;241;land;false;plains;1
2592;235;157;219;land;false;plains;1
2593;237;70;239;land;false;plains;1
2594;193;139;214;land;false;hills;1
2595;193;200;123;land;false;plains;1
2596;227;224;238;land;false;hills;1
2597;230;160;186;land;false;jungle;1
2598;249;81;189;land;false;mountain;1
2599;250;9;249;land;false;forest;1
2600;191;121;189;land;false;plains;1
2601;179;248;91;land;true;plains;1
2602;199;168;162;land;false;jungle;1
2603;222;138;187;land;false;forest;1
2604;190;222;116;land;false;plains;1
2605;238;242;242;land;false;desert;1
2606;210;216;220;land;false;plains;1
2607;174;227;133;land;false;forest;1
2608;249;229;241;land;true;plains;1
2609;175;168;182;land;false;forest;1
2610;221;239;94;land;false;plains;1
2611;125;143;250;land;false;hills;1
2612;178;198;204;land;false;hills;1
2613;216;114;241;land;false;hills;1
2614;219;231;158;land;false;forest;1
2615;232;240;114;land;false;mountain;1
2616;187;190;163;land;false;plains;1
2617;117;252;144;land;false;desert;1
2618;171;191;182;land;false;plains;1
2619;141;181;208;land;false;forest;1
2620;233;202;230;land;false;forest;1
2621;113;158;242;land;false;forest;1
2622;241;249;98;land;false;jungle;1
2623;181;170;206;land;false;desert;1
2624;139;187;197;land;false;plains;1
2625;165;147;252;land;false;plains;1
2626;106;249;229;land;true;forest;1
2627;34;231;238;land;true;plains;1
2628;197;193;232;land;true;plains;1
2629;236;108;252;land;false;forest;1
2630;132;209;165;land;true;plains;1
2631;190;248;230;land;false;desert;1
2632;237;253;119;land;false;forest;1
2633;206;245;203;land;false;plains;1
2634;119;193;248;land;false;plains;1
2635;213;90;219;land;false;forest;1
2636;227;161;145;land;false;hills;1
2637;182;168;221;land;true;plains;1
2638;253;171;96;land;true;plains;1
2639;195;243;199;land;false;forest;1
2640;212;146;244;land;false;hills;1
2641;247;128;147;land;true;plains;1
2642;189;233;191;land;true;forest;1
2643;153;131;249;land;false;forest;1
2644;145;205;209;land;false;plains;1
2645;180;190;189;land;false;desert;1
2646;95;237;183;land;true;plains;1
2647;170;216;216;land;false;forest;1
2648;251;231;135;land;false;jungle;1
2649;253;217;64;land;false;hills;1
2650;195;252;116;land;false;hills;1
2651;218;94;196;land;false;forest;1
2652;221;209;244;land;true;hills;1
2653;158;199;233;land;false;mountain;1
2654;216;170;238;land;false;hills;1
2655;51;215;238;land;false;hills;1
2656;189;240;195;land;true;forest;1
2657;143;251;113;land;false;hills;1
2658;200;244;131;land;false;plains;1
2659;61;226;253;land;false;marsh;1
2660;230;94;208;land;true;plains;1
2661;133;247;250;land;false;mountain;1
2662;207;90;216;land;true;plains;1
2663;222;250;194;land;false;mountain;1
2664;233;211;224;land;false;desert;1
2665;230;246;55;land;false;forest;1
2666;212;212;147;land;false;jungle;1
2667;71;250;187;land;false;forest;1
2668;139;211;247;land;true;plains;1
2669;108;225;174;land;false;desert;1
2670;246;221;253;land;true;plains;1
2671;198;170;198;land;true;plains;1
2672;177;253;110;land;false;desert;1
2673;185;127;195;land;false;hills;1
2674;181;160;207;land;true;plains;1
2675;76;245;239;land;false;mountain;1
2676;159;200;220;land;true;plains;1
2677;225;184;95;land;false;plains;1
2678;224;246;70;land;false;plains;1
2679;180;158;167;land;false;forest;1
2680;195;86;246;land;false;mountain;1
2681;171;240;249;land;false;forest;1
2682;118;212;187;land;false;mountain;1
2683;251;203;181;land;false;desert;1
2684;40;242;232;land;false;jungle;1
2685;136;157;222;land;false;plains;1
2686;110;215;188;land;false;plains;1
2687;126;231;225;land;true;plains;1
2688;228;86;248;land;true;plains;1
2689;190;119;237;land;false;forest;1
2690;236;119;190;land;false;plains;1
2691;134;188;226;land;true;hills;1
2692;89;215;218;land;true;plains;1
2693;180;211;130;land;false;plains;1
2694;180;252;140;land;false;plains;1
2695;163;236;175;land;true;plains;1
2696;143;175;188;land;false;marsh;1
2697;241;240;72;land;true;plains;1
2698;252;246;114;land;false;plains;1
2699;221;234;178;land;false;desert;1
2700;135;252;185;land;false;plains;1
2701;251;140;254;land;false;plains;1
2702;222;227;214;land;true;plains;1
2703;190;254;127;land;true;plains;1
2704;240;36;244;land;false;hills;1
2705;184;240;226;land;false;forest;1
2706;150;200;202;land;false;hills;1
2707;201;233;163;land;true;plains;1
2708;228;166;176;land;false;plains;1
2709;250;143;181;land;false;mountain;1
2710;163;244;161;land;true;forest;1
2711;232;188;254;land;false;hills;1
2712;212;183;219;land;true;plains;1
2713;106;187;235;land;true;hills;1
2714;236;159;174;land;false;plains;1
2715;217;204;190;land;false;mountain;1
2716;250;164;218;land;false;plains;1
2717;196;191;175;land;false;jungle;1
2718;221;225;246;land;false;plains;1
2719;184;111;207;land;true;plains;1
2720;252;172;186;land;true;desert;1
2721;202;123;181;land;true;plains;1
2722;108;218;208;land;false;hills;1
2723;205;184;150;land;false;plains;1
2724;230;130;242;land;false;desert;1
2725;123;176;235;land;false;desert;1
2726;186;153;168;land;false;desert;1
2727;219;235;232;land;false;forest;1
2728;128;211;219;land;false;plains;1
2729;250;189;153;land;false;forest;1
2730;96;238;236;land;true;plains;1
2731;215;251;165;land;false;forest;1
2732;81;201;250;land;true;plains;1
2733;113;191;247;land;true;plains;1
2734;220;216;84;land;false;plains;1
2735;244;229;193;land;true;plains;1
2736;195;114;240;land;true;plains;1
2737;232;223;67;land;false;forest;1
2738;226;233;127;land;false;plains;1
2739;237;147;244;land;false;desert;1
2740;125;219;167;land;true;plains;1
2741;230;103;173;land;false;forest;1
2742;143;216;223;land;true;hills;1
2743;220;138;170;land;true;plains;1
2744;211;202;136;land;false;marsh;1
2745;213;112;214;land;false;hills;1
2746;72;249;219;land;false;plains;1
2747;234;48;232;land;false;plains;1
2748;216;241;115;land;false;jungle;1
2749;177;183;193;land;true;plains;1
2750;156;245;139;land;false;mountain;1
2751;146;250;209;land;false;forest;1
2752;113;200;240;land;true;plains;1
2753;141;232;248;land;false;jungle;1
2754;241;87;185;land;false;mountain;1
2755;164;165;198;land;true;plains;1
2756;234;207;64;land;true;plains;1
2757;218;159;137;land;false;desert;1
2758;230;243;174;land;true;plains;1
2759;229;82;200;land;false;desert;1
2760;245;77;222;land;false;plains;1
2761;182;253;132;land;false;plains;1
2762;27;235;252;land;false;jungle;1
2763;234;238;180;land;true;plains;1
2764;251;218;239;land;false;forest;1
2765;221;252;77;land;false;hills;1
2766;226;109;250;land;false;forest;1
2767;242;209;181;land;false;plains;1
2768;220;211;139;land;true;plains;1
2769;218;114;216;land;true;plains;1
2770;159;166;184;land;true;plains;1
2771;152;191;254;land;false;forest;1
2772;226;151;249;land;true;plains;1
2773;155;138;234;land;false;hills;1
2774;212;141;174;land;false;desert;1
2775;254;114;173;land;false;mountain;1
2776;69;211;227;land;false;forest;1
2777;234;76;224;land;false;desert;1
2778;101;226;200;land;false;forest;1
2779;252;213;39;land;false;forest;1
2780;176;223;210;land;false;hills;1
2781;109;221;254;land;false;desert;1
2782;111;211;183;land;true;plains;1
2783;226;171;157;land;false;forest;1
2784;110;236;166;land;false;forest;1
2785;240;183;86;land;false;plains;1
2786;77;228;240;land;false;plains;1
2787;192;150;196;land;true;plains;1
2788;200;241;61;land;false;hills;1
2789;188;210;112;land;false;forest;1
2790;163;198;231;land;true;hills;1
2791;249;127;178;land;false;desert;1
2792;243;147;253;land;false;plains;1
2793;198;221;226;land;false;forest;1
2794;169;242;108;land;false;forest;1
2795;224;84;209;land;false;plains;1
2796;32;233;249;land;false;forest;1
2797;181;236;200;land;false;forest;1
2798;249;162;176;land;false;plains;1
2799;226;217;197;land;false;hills;1
2800;191;174;169;land;false;forest;1
2801;133;195;200;land;false;plains;1
2802;207;49;245;land;false;plains;1
2803;179;147;193;land;true;plains;1
2804;171;216;121;land;false;hills;1
2805;201;202;165;land;false;jungle;1
2806;223;218;186;land;false;forest;1
2807;167;239;107;land;false;desert;1
2808;131;239;147;land;false;hills;1
2809;201;121;253;land;false;forest;1
2810;209;162;193;land;false;plains;1
2811;230;89;227;land;false;hills;1
2812;203;249;192;land;false;desert;1
2813;249;250;226;land;false;desert;1
2814;228;219;173;land;true;plains;1
2815;247;189;222;land;false;desert;1
2816;224;210;71;land;true;plains;1
2817;164;250;101;land;false;hills;1
2818;83;193;241;land;true;plains;1
2819;235;216;197;land;false;jungle;1
2820;215;231;141;land;false;hills;1
2821;195;228;121;land;false;hills;1
2822;205;238;183;land;false;forest;1
2823;212;200;232;land;false;plains;1
2824;184;148;204;land;false;forest;1
2825;152;215;224;land;true;plains;1
2826;87;249;218;land;false;forest;1
2827;50;227;243;land;false;hills;1
2828;233;181;182;land;false;mountain;1
2829;218;183;153;land;false;mountain;1
2830;145;158;242;land;false;mountain;1
2831;237;103;227;land;false;plains;1
2832;176;237;138;land;true;plains;1
2833;150;127;237;land;false;desert;1
2834;202;165;211;land;false;plains;1
2835;216;241;249;land;false;plains;1
2836;194;250;215;land;false;hills;1
2837;104;197;221;land;false;marsh;1
2838;230;192;95;land;false;forest;1
2839;226;254;94;land;false;forest;1
2840;221;233;97;land;true;plains;1
2841;97;198;209;land;false;hills;1
2842;105;147;254;land;true;plains;1
2843;217;219;248;land;false;forest;1
2844;196;248;249;land;false;mountain;1
2845;235;205;174;land;false;forest;1
2846;192;136;197;land;false;plains;1
2847;85;252;169;land;false;plains;1
2848;127;249;180;land;false;plains;1
2849;83;235;187;land;false;mountain;1
2850;241;109;190;land;false;mountain;1
2851;213;171;121;land;false;mountain;1
2852;248;85;219;land;true;desert;1
2853;122;233;149;land;false;marsh;1
2854;111;185;212;land;true;plains;1
2855;112;205;193;land;false;plains;1
2856;219;243;83;land;true;plains;1
2857;225;130;152;land;false;forest;1
2858;230;177;107;land;false;forest;1
2859;103;220;183;land;true;plains;1
2860;253;168;107;land;false;plains;1
2861;238;191;96;land;false;mountain;1
2862;171;227;239;land;false;plains;1
2863;158;137;213;land;true;plains;1
2864;223;196;153;land;true;plains;1
2865;113;186;231;land;false;plains;1
2866;149;139;231;land;false;plains;1
2867;183;236;208;land;true;plains;1
2868;221;160;131;land;false;desert;1
2869;253;229;244;land;false;plains;1
2870;212;245;160;land;false;plains;1
2871;214;250;202;land;false;hills;1
2872;171;228;110;land;false;forest;1
2873;165;249;107;land;false;plains;1
2874;211;160;199;land;false;forest;1
2875;209;184;126;land;false;forest;1
2876;195;154;223;land;true;plains;1
2877;200;128;222;land;true;plains;1
2878;142;181;231;land;false;forest;1
2879;184;218;137;land;false;forest;1
2880;223;166;185;land;false;hills;1
2881;227;94;197;land;false;forest;1
2882;216;198;247;land;false;plains;1
2883;223;120;207;land;true;plains;1
2884;248;36;227;land;false;forest;1
2885;203;250;149;land;false;hills;1
2886;82;235;211;land;false;forest;1
2887;231;250;217;land;false;hills;1
2888;249;254;77;land;false;plains;1
2889;178;151;182;land;true;plains;1
2890;234;190;173;land;false;desert;1
2891;213;211;96;land;false;marsh;1
2892;221;218;114;land;true;plains;1
2893;184;180;237;land;true;plains;1
2894;181;234;200;land;true;plains;1
2895;250;117;187;land;false;jungle;1
2896;190;251;252;land;true;plains;1
2897;190;101;222;land;false;desert;1
2898;209;218;233;land;false;plains;1
2899;171;148;239;land;false;hills;1
2900;247;254;239;land;false;plains;1
2901;233;55;243;land;false;forest;1
2902;154;246;217;land;false;mountain;1
2903;245;241;177;land;false;forest;1
2904;128;162;254;land;true;forest;1
2905;85;219;250;land;false;forest;1
2906;125;195;220;land;true;plains;1
2907;154;236;168;land;false;jungle;1
2908;230;133;209;land;true;plains;1
2909;199;180;228;land;false;plains;1
2910;154;254;203;land;false;hills;1
2911;214;128;161;land;false;forest;1
2912;125;214;162;land;false;hills;1
2913;249;230;44;land;false;plains;1
2914;118;162;225;land;true;hills;1
2915;199;238;87;land;false;plains;1
2916;208;67;227;land;false;hills;1
2917;152;188;178;land;false;desert;1
2918;149;115;244;land;true;plains;1
2919;231;219;159;land;false;forest;1
2920;105;215;241;land;false;plains;1
2921;222;73;235;land;false;hills;1
2922;160;227;146;land;false;forest;1
2923;100;232;206;land;false;plains;1
2924;187;197;201;land;false;plains;1
2925;78;235;210;land;false;forest;1
2926;238;225;174;land;false;hills;1
2927;152;132;247;land;false;plains;1
2928;240;223;206;land;false;plains;1
2929;161;167;182;land;false;plains;1
2930;241;222;231;land;true;plains;1
2931;219;122;235;land;true;plains;1
2932;218;129;178;land;false;hills;1
2933;203;176;187;land;false;plains;1
2934;246;27;235;land;true;plains;1
2935;250;154;161;land;false;hills;1
2936;176;250;136;land;false;mountain;1
2937;228;246;206;land;false;hills;1
2938;125;227;174;land;false;hills;1
2939;228;240;74;land;true;hills;1
2940;252;248;240;land;false;plains;1
2941;215;246;240;land;false;plains;1
2942;217;208;77;land;false;forest;1
2943;250;80;246;land;false;hills;1
2944;249;195;93;land;false;plains;1
2945;139;198;225;land;true;plains;1
2946;219;92;212;land;true;plains;1
2947;249;206;147;land;false;plains;1
2948;241;209;104;land;false;hills;1
2949;218;231;111;land;false;plains;1
2950;154;221;175;land;false;forest;1
2951;243;205;240;land;false;mountain;1
2952;179;219;221;land;true;plains;1
2953;159;141;237;land;true;plains;1
2954;117;254;185;land;false;hills;1
2955;248;152;208;land;false;plains;1
2956;232;147;209;land;false;desert;1
2957;221;104;237;land;false;desert;1
2958;76;200;249;land;true;plains;1
2959;161;213;193;land;false;plains;1
2960;245;145;159;land;false;plains;1
2961;238;230;219;land;false;mountain;1
2962;69;254;206;land;false;plains;1
2963;132;220;221;land;false;desert;1
2964;251;127;254;land;true;plains;1
2965;225;176;244;land;false;forest;1
2966;167;252;193;land;true;plains;1
2967;242;100;200;land;false;hills;1
2968;189;219;98;land;false;mountain;1
2969;199;231;91;land;true;jungle;1
2970;177;204;168;land;false;hills;1
2971;138;218;219;land;true;plains;1
2972;150;249;118;land;false;plains;1
2973;213;165;171;land;false;hills;1
2974;228;209;166;land;true;plains;1
2975;93;248;177;land;false;desert;1
2976;205;147;195;land;false;hills;1
2977;227;205;99;land;false;mountain;1
2978;216;246;90;land;false;desert;1
2979;232;238;211;land;true;hills;1
2980;234;201;66;land;false;hills;1
2981;176;229;220;land;false;jungle;1
2982;188;245;234;land;true;forest;1
2983;223;50;235;land;true;hills;1
2984;250;179;171;land;false;hills;1
2985;245;206;221;land;false;hills;1
2986;248;171;115;land;false;plains;1
2987;153;137;250;land;false;forest;1
2988;220;104;230;land;false;hills;1
2989;89;239;251;land;true;plains;1
2990;114;250;203;land;true;plains;1
2991;76;254;213;land;false;forest;1
2992;234;135;244;land;false;plains;1
2993;238;253;29;land;true;plains;1
2994;121;237;177;land;false;forest;1
2995;155;155;222;land;false;plains;1
2996;220;182;120;land;false;mountain;1
2997;187;151;210;land;false;hills;1
2998;231;207;222;land;true;plains;1
2999;190;242;114;land;false;forest;1
3000;218;202;207;land;false;desert;1
3001;246;224;151;land;false;forest;1
3002;225;126;184;land;true;plains;1
3003;173;187;161;land;true;urban;1
3004;216;97;233;land;false;mountain;1
3005;181;205;201;land;false;forest;1
3006;238;214;203;land;false;plains;1
3007;240;229;94;land;true;plains;1
3008;217;99;232;land;true;plains;1
3009;237;123;238;land;false;hills;1
3010;188;84;248;land;false;desert;1
3011;175;184;247;land;false;forest;1
3012;219;73;216;land;true;plains;1
3013;72;204;236;land;true;plains;1
3014;140;212;227;land;false;plains;1
3015;178;159;246;land;false;hills;1
3016;137;200;223;land;false;forest;1
3017;242;243;143;land;false;mountain;1
3018;76;236;215;land;true;plains;1
3019;82;211;248;land;true;plains;1
3020;242;141;159;land;false;plains;1
3021;220;239;92;land;false;hills;1
3022;189;129;196;land;true;plains;1
3023;56;248;217;land;false;desert;1
3024;154;237;225;land;false;hills;1
3025;203;220;103;land;false;plains;1
3026;210;113;185;land;true;plains;1
3027;97;229;214;land;false;desert;1
3028;237;234;230;land;false;hills;1
3029;188;182;150;land;true;plains;1
3030;218;234;108;land;true;plains;1
3031;199;207;217;land;false;mountain;1
3032;227;113;231;land;false;plains;1
3033;237;249;23;land;false;hills;1
3034;223;141;248;land;true;marsh;1
3035;242;91;221;land;false;forest;1
3036;254;33;241;land;false;hills;1
3037;250;184;179;land;true;plains;1
3038;250;225;70;land;true;plains;1
3039;140;204;212;land;false;plains;1
3040;242;124;138;land;false;desert;1
3041;182;189;172;land;false;mountain;1
3042;190;95;241;land;false;forest;1
3043;182;115;250;land;true;plains;1
3044;217;151;194;land;true;plains;1
3045;208;219;164;land;false;mountain;1
3046;95;183;252;land;false;plains;1
3047;193;179;181;land;false;hills;1
3048;138;185;243;land;false;plains;1
3049;222;169;124;land;true;desert;1
3050;64;234;205;land;false;forest;1
3051;202;186;122;land;true;plains;1
3052;254;138;123;land;false;mountain;1
3053;217;217;188;land;false;plains;1
3054;233;247;45;land;false;hills;1
3055;240;225;50;land;false;hills;1
3056;71;238;236;land;false;desert;1
3057;180;168;196;land;false;forest;1
3058;254;189;217;land;false;plains;1
3059;229;233;41;land;false;forest;1
3060;231;212;170;land;true;hills;1
3061;156;155;227;land;false;plains;1
3062;100;205;218;land;true;jungle;1
3063;221;183;239;land;true;plains;1
3064;151;234;137;land;false;forest;1
3065;172;140;235;land;false;forest;1
3066;181;168;159;land;true;plains;1
3067;219;104;202;land;false;plains;1
3068;226;116;213;land;false;plains;1
3069;241;207;115;land;false;plains;1
3070;144;227;220;land;true;forest;1
3071;159;172;191;land;false;hills;1
3072;83;189;240;land;false;forest;1
3073;221;204;242;land;false;jungle;1
3074;137;213;242;land;false;desert;1
3075;145;204;247;land;false;plains;1
3076;231;143;161;land;false;plains;1
3077;140;217;249;land;false;hills;1
3078;200;215;235;land;false;desert;1
3079;230;165;191;land;true;plains;1
3080;132;215;243;land;false;plains;1
3081;137;149;227;land;false;urban;1
3082;210;145;156;land;false;hills;1
3083;126;224;162;land;false;forest;1
3084;202;240;153;land;false;forest;1
3085;254;225;151;land;true;forest;1
3086;201;237;147;land;false;mountain;1
3087;251;189;196;land;false;plains;1
3088;223;246;48;land;false;plains;1
3089;185;90;226;land;false;mountain;1
3090;218;185;185;land;true;forest;1
3091;231;182;206;land;true;plains;1
3092;190;178;247;land;true;plains;1
3093;207;212;93;land;false;plains;1
3094;243;253;37;land;false;hills;1
3095;136;223;145;land;false;jungle;1
3096;112;203;194;land;false;plains;1
3097;214;155;198;land;false;plains;1
3098;246;152;227;land;false;hills;1
3099;247;70;240;land;false;desert;1
3100;163;228;153;land;true;plains;1
3101;215;164;201;land;true;plains;1
3102;118;235;185;land;true;plains;1
3103;212;231;239;land;false;mountain;1
3104;189;149;187;land;false;forest;1
3105;168;253;148;land;false;forest;1
3106;205;249;152;land;false;plains;1
3107;153;146;215;land;false;plains;1
3108;228;209;218;land;false;jungle;1
3109;202;218;109;land;false;mountain;1
3110;118;159;248;land;false;plains;1
3111;201;144;206;land;false;forest;1
3112;163;201;200;land;false;mountain;1
3113;161;229;159;land;false;forest;1
3114;198;154;223;land;false;marsh;1
3115;158;210;190;land;false;jungle;1
3116;194;60;250;land;false;hills;1
3117;195;203;193;land;false;hills;1
3118;220;107;216;land;false;plains;1
3119;169;214;201;land;false;plains;1
3120;253;227;153;land;true;plains;1
3121;252;170;215;land;false;forest;1
3122;139;225;159;land;false;hills;1
3123;234;132;149;land;false;hills;1
3124;199;150;169;land;true;plains;1
3125;247;140;173;land;true;plains;1
3126;229;214;66;land;false;hills;1
3127;173;160;182;land;false;plains;1
3128;83;254;188;land;false;plains;1
3129;215;226;199;land;false;plains;1
3130;51;216;235;land;false;plains;1
3131;214;241;148;land;true;plains;1
3132;75;251;199;land;false;forest;1
3133;241;168;120;land;false;forest;1
3134;162;238;223;land;false;forest;1
3135;120;196;237;land;false;desert;1
3136;221;200;195;land;false;hills;1
3137;209;205;110;land;false;hills;1
3138;201;135;241;land;true;plains;1
3139;174;249;254;land;true;plains;1
3140;89;240;220;land;true;plains;1
3141;170;131;209;land;false;plains;1
3142;240;105;159;land;true;plains;1
3143;216;196;217;land;false;plains;1
3144;196;243;146;land;false;plains;1
3145;28;254;251;land;true;plains;1
3146;136;225;176;land;false;jungle;1
3147;116;213;252;land;false;desert;1
3148;128;218;186;land;false;plains;1
3149;182;241;99;land;false;plains;1
3150;248;249;67;land;false;hills;1
3151;159;247;135;land;false;forest;1
3152;143;237;121;land;true;plains;1
3153;251;85;186;land;true;plains;1
3154;175;182;174;land;false;forest;1
3155;218;116;235;land;true;plains;1
3156;124;239;174;land;false;hills;1
3157;213;100;242;land;false;forest;1
3158;252;112;198;land;false;plains;1
3159;248;236;182;land;false;plains;1
3160;210;236;254;land;false;mountain;1
3161;236;85;233;land;true;plains;1
3162;250;239;28;land;false;forest;1
3163;206;205;184;land;false;plains;1
3164;204;133;250;land;true;plains;1
3165;253;217;68;land;false;plains;1
3166;165;177;245;land;false;plains;1
3167;140;141;220;land;true;plains;1
3168;231;249;225;land;true;plains;1
3169;242;173;127;land;true;plains;1
3170;219;126;254;land;false;forest;1
3171;218;187;121;land;false;forest;1
3172;151;252;100;land;false;plains;1
3173;233;214;181;land;false;jungle;1
3174;182;180;199;land;false;desert;1
3175;177;95;246;land;false;jungle;1
3176;254;45;216;land;false;plains;1
3177;213;189;163;land;false;desert;1
3178;213;95;210;land;false;hills;1
3179;217;193;223;land;true;plains;1
3180;124;248;131;land;false;mountain;1
3181;119;242;188;land;false;plains;1
3182;252;213;227;land;false;plains;1
3183;228;208;171;land;false;plains;1
3184;178;177;182;land;true;plains;1
3185;145;179;182;land;false;forest;1
3186;97;209;250;land;false;plains;1
3187;171;192;203;land;false;forest;1
3188;194;212;141;land;false;mountain;1
3189;206;149;231;land;true;forest;1
3190;192;92;253;land;false;desert;1
3191;156;184;182;land;true;plains;1
3192;246;247;82;land;false;hills;1
3193;245;132;173;land;false;plains;1
3194;193;135;182;land;true;plains;1
3195;171;191;243;land;false;hills;1
3196;231;79;234;land;false;hills;1
3197;235;238;214;land;true;plains;1
3198;177;245;238;land;false;plains;1
3199;231;238;236;land;true;plains;1
3200;169;199;168;land;true;plains;1
3201;182;186;139;land;false;desert;1
3202;195;215;205;land;false;desert;1
3203;178;235;245;land;false;forest;1
3204;183;213;234;land;false;plains;1
3205;235;113;182;land;false;plains;1
3206;254;133;196;land;false;hills;1
3207;221;204;214;land;false;plains;1
3208;175;136;206;land;true;plains;1
3209;184;171;248;land;false;plains;1
3210;198;121;236;land;false;forest;1
3211;169;211;133;land;true;hills;1
3212;251;252;207;land;false;hills;1
3213;134;200;180;land;true;plains;1
3214;243;212;251;land;false;jungle;1
3215;215;252;65;land;false;plains;1
3216;202;240;235;land;true;plains;1
3217;211;205;241;land;false;plains;1
3218;94;230;185;land;true;plains;1
3219;76;235;218;land;false;plains;1
3220;22;245;239;land;false;plains;1
3221;99;213;192;land;false;mountain;1
3222;175;102;234;land;false;forest;1
3223;216;189;127;land;false;jungle;1
3224;59;250;205;land;false;hills;1
3225;222;142;138;land;false;mountain;1
3226;28;160;181;land;false;desert;1
3227;202;178;252;land;false;forest;1
3228;202;179;183;land;false;desert;1
3229;249;210;111;land;true;plains;1
3230;232;213;132;land;false;forest;1
3231;165;155;246;land;true;plains;1
3232;220;185;250;land;true;plains;1
3233;251;239;214;land;false;plains;1
3234;128;161;227;land;false;forest;1
3235;213;205;207;land;false;plains;1
3236;201;238;119;land;false;plains;1
3237;153;228;162;land;false;hills;1
3238;103;233;218;land;false;forest;1
3239;156;135;211;land;false;plains;1
3240;133;144;234;land;true;plains;1
3241;238;175;111;land;true;plains;1
3242;96;182;236;land;false;marsh;1
3243;159;212;173;land;false;desert;1
3244;77;244;233;land;false;desert;1
3245;249;242;43;land;false;hills;1
3246;202;185;155;land;false;forest;1
3247;82;210;239;land;false;forest;1
3248;236;210;134;land;false;forest;1
3249;134;232;144;land;false;hills;1
3250;195;183;201;land;false;hills;1
3251;165;227;203;land;false;hills;1
3252;192;226;229;land;true;plains;1
3253;196;168;187;land;false;plains;1
3254;228;254;39;land;false;hills;1
3255;250;180;80;land;false;mountain;1
3256;215;176;156;land;true;plains;1
3257;220;204;121;land;false;hills;1
3258;199;140;239;land;false;hills;1
3259;195;106;239;land;false;forest;1
3260;250;170;133;land;false;plains;1
3261;197;208;137;land;false;jungle;1
3262;242;61;213;land;false;mountain;1
3263;215;143;151;land;true;plains;1
3264;226;185;125;land;true;plains;1
3265;228;191;142;land;true;plains;1
3266;162;244;253;land;false;desert;1
3267;222;225;174;land;false;plains;1
3268;204;231;70;land;false;hills;1
3269;253;252;228;land;false;plains;1
3270;77;225;246;land;false;plains;1
3271;188;188;173;land;true;plains;1
3272;182;226;155;land;false;hills;1
3273;230;143;193;land;false;desert;1
3274;203;182;166;land;false;plains;1
3275;232;243;180;land;false;hills;1
3276;216;185;195;land;true;forest;1
3277;241;173;247;land;false;jungle;1
3278;183;240;249;land;false;jungle;1
3279;201;186;168;land;false;hills;1
3280;180;218;116;land;true;plains;1
3281;214;122;229;land;false;plains;1
3282;206;59;238;land;true;plains;1
3283;223;186;178;land;false;forest;1
3284;153;150;213;land;true;plains;1
3285;227;99;247;land;false;forest;1
3286;161;215;190;land;true;plains;1
3287;195;240;253;land;false;hills;1
3288;225;237;254;land;false;forest;1
3289;170;149;253;land;false;plains;1
3290;216;157;190;land;false;plains;1
3291;231;157;226;land;false;desert;1
3292;184;223;183;land;false;hills;1
3293;239;61;252;land;false;plains;1
3294;197;114;207;land;false;plains;1
3295;43;238;224;land;false;desert;1
3296;239;184;243;land;false;forest;1
3297;64;218;236;land;false;forest;1
3298;250;106;213;land;false;desert;1
3299;88;244;190;land;false;plains;1
3300;211;199;96;land;false;desert;1
3301;166;204;143;land;false;forest;1
3302;209;245;203;land;false;hills;1
3303;202;246;83;land;false;desert;1
3304;192;214;242;land;false;hills;1
3305;214;179;219;land;false;mountain;1
3306;239;185;232;land;false;hills;1
3307;253;76;228;land;false;desert;1
3308;183;189;219;land;false;hills;1
3309;148;159;232;land;false;mountain;1
3310;236;252;23;land;true;plains;1
3311;176;251;226;land;true;hills;1
3312;224;178;245;land;true;plains;1
3313;174;238;123;land;false;plains;1
3314;248;227;82;land;false;mountain;1
3315;167;229;220;land;true;plains;1
3316;169;220;195;land;false;plains;1
3317;191;168;184;land;false;hills;1
3318;181;159;229;land;false;desert;1
3319;106;249;175;land;true;plains;1
3320;252;237;35;land;true;plains;1
3321;211;197;145;land;false;forest;1
3322;167;223;250;land;false;plains;1
3323;246;203;125;land;false;jungle;1
3324;223;238;143;land;false;plains;1
3325;251;234;230;land;false;forest;1
3326;215;122;210;land;false;forest;1
3327;217;203;232;land;false;plains;1
3328;197;201;189;land;false;plains;1
3329;236;154;160;land;true;plains;1
3330;184;166;214;land;false;forest;1
3331;174;239;106;land;false;hills;1
3332;197;73;249;land;false;mountain;1
3333;223;206;103;land;false;desert;1
3334;99;229;182;land;false;plains;1
3335;247;171;205;land;false;desert;1
3336;116;218;218;land;false;mountain;1
3337;233;96;242;land;true;plains;1
3338;90;197;224;land;false;forest;1
3339;250;244;45;land;false;plains;1
3340;170;244;212;land;true;plains;1
3341;114;236;186;land;true;plains;1
3342;154;215;218;land;false;plains;1
3343;235;181;171;land;false;jungle;1
3344;184;247;186;land;false;plains;1
3345;143;149;249;land;true;plains;1
3346;188;198;201;land;false;forest;1
3347;165;88;253;land;false;mountain;1
3348;144;186;233;land;false;desert;1
3349;197;237;128;land;true;desert;1
3350;119;221;195;land;false;plains;1
3351;111;167;250;land;false;forest;1
3352;174;242;222;land;false;forest;1
3353;176;189;221;land;true;desert;1
3354;253;144;180;land;false;hills;1
3355;209;88;225;land;false;mountain;1
3356;162;252;220;land;false;plains;1
3357;127;163;242;land;true;desert;1
3358;64;199;244;land;false;desert;1
3359;253;225;57;land;false;forest;1
3360;210;204;170;land;false;forest;1
3361;226;235;70;land;false;forest;1
3362;223;120;247;land;false;plains;1
3363;221;210;244;land;false;desert;1
3364;154;223;251;land;false;hills;1
3365;170;153;218;land;true;hills;1
3366;214;83;219;land;true;plains;1
3367;104;147;251;land;true;forest;1
3368;253;80;200;land;true;plains;1
3369;252;235;222;land;true;plains;1
3370;250;209;133;land;false;plains;1
3371;185;247;109;land;false;forest;1
3372;248;245;91;land;false;plains;1
3373;205;239;244;land;true;plains;1
3374;226;193;204;land;false;plains;1
3375;247;37;225;land;false;hills;1
3376;197;242;222;land;true;plains;1
3377;205;254;211;land;false;mountain;1
3378;199;248;228;land;false;plains;1
3379;179;237;190;land;false;plains;1
3380;166;254;159;land;true;plains;1
3381;253;87;216;land;false;plains;1
3382;245;201;174;land;false;plains;1
3383;159;154;247;land;false;plains;1
3384;236;47;222;land;false;forest;1
3385;202;209;132;land;false;plains;1
3386;57;234;224;land;false;hills;1
3387;231;238;83;land;true;plains;1
3388;226;138;231;land;false;hills;1
3389;218;200;124;land;false;plains;1
3390;136;247;251;land;true;plains;1
3391;250;201;116;land;false;forest;1
3392;119;228;204;land;true;plains;1
3393;224;143;137;land;false;hills;1
3394;232;192;141;land;false;plains;1
3395;188;216;121;land;false;forest;1
3396;85;233;190;land;true;plains;1
3397;221;220;125;land;false;hills;1
3398;153;145;242;land;false;plains;1
3399;220;244;52;land;false;forest;1
3400;165;251;202;land;false;plains;1
3401;218;88;252;land;false;forest;1
3402;157;222;228;land;true;plains;1
3403;130;209;240;land;false;plains;1
3404;254;159;97;land;true;plains;1
3405;96;166;247;land;false;plains;1
3406;95;209;199;land;false;hills;1
3407;160;130;231;land;true;plains;1
3408;189;173;161;land;true;plains;1
3409;201;205;229;land;false;forest;1
3410;225;141;160;land;false;plains;1
3411;197;222;159;land;true;plains;1
3412;234;145;179;land;false;hills;1
3413;19;232;251;land;false;forest;1
3414;245;161;180;land;false;plains;1
3415;250;152;148;land;false;desert;1
3416;172;153;202;land;true;plains;1
3417;191;71;254;land;false;hills;1
3418;157;204;167;land;true;plains;1
3419;146;133;229;land;false;forest;1
3420;104;234;241;land;true;plains;1
3421;238;91;223;land;false;hills;1
3422;191;187;240;land;false;plains;1
3423;175;183;237;land;false;desert;1
3424;205;154;170;land;true;plains;1
3425;152;180;247;land;true;plains;1
3426;136;198;241;land;true;plains;1
3427;224;163;236;land;false;desert;1
3428;187;242;248;land;false;forest;1
3429;219;229;125;land;false;plains;1
3430;174;252;194;land;false;plains;1
3431;241;187;118;land;false;forest;1
3432;206;213;218;land;false;desert;1
3433;138;234;218;land;false;plains;1
3434;136;138;230;land;false;hills;1
3435;152;243;149;land;true;plains;1
3436;76;223;245;land;false;plains;1
3437;136;193;216;land;false;hills;1
3438;219;238;86;land;false;plains;1
3439;189;247;147;land;false;plains;1
3440;166;234;165;land;false;hills;1
3441;231;143;185;land;false;plains;1
3442;176;254;168;land;false;forest;1
3443;251;175;92;land;true;plains;1
3444;81;244;232;land;true;plains;1
3445;177;202;152;land;false;forest;1
3446;216;107;187;land;false;hills;1
3447;231;234;102;land;false;plains;1
3448;191;251;238;land;false;jungle;1
3449;227;55;221;land;true;plains;1
3450;89;233;234;land;false;forest;1
3451;236;207;166;land;true;plains;1
3452;240;127;163;land;false;plains;1
3453;218;133;203;land;false;hills;1
3454;206;97;224;land;true;plains;1
3455;75;246;186;land;false;forest;1
3456;252;146;185;land;false;mountain;1
3457;234;174;223;land;false;desert;1
3458;200;225;186;land;true;plains;1
3459;220;238;223;land;false;forest;1
3460;242;133;157;land;true;plains;1
3461;14;243;253;land;false;forest;1
3462;87;213;215;land;false;hills;1
3463;181;229;202;land;false;hills;1
3464;199;248;227;land;false;desert;1
3465;244;156;168;land;true;plains;1
3466;251;92;219;land;true;plains;1
3467;197;225;220;land;false;desert;1
3468;228;22;251;land;true;desert;1
3469;215;222;225;land;false;plains;1
3470;199;231;234;land;false;jungle;1
3471;134;249;218;land;false;plains;1
3472;183;219;100;land;false;hills;1
3473;185;142;233;land;false;plains;1
3474;229;87;246;land;false;marsh;1
3475;239;252;14;land;false;jungle;1
3476;197;239;147;land;false;desert;1
3477;64;239;212;land;false;forest;1
3478;214;95;213;land;true;plains;1
3479;243;168;161;land;true;plains;1
3480;48;244;249;land;false;plains;1
3481;228;196;110;land;true;hills;1
3482;241;235;77;land;false;jungle;1
3483;251;239;47;land;false;plains;1
3484;183;178;161;land;false;desert;1
3485;166;203;133;land;false;plains;1
3486;214;242;146;land;false;hills;1
3487;215;252;110;land;false;jungle;1
3488;60;248;248;land;false;plains;1
3489;102;253;150;land;false;forest;1
3490;249;201;218;land;true;plains;1
3491;79;237;231;land;true;plains;1
3492;211;153;231;land;false;plains;1
3493;220;46;235;land;false;hills;1
3494;157;170;205;land;false;hills;1
3495;236;222;210;land;true;plains;1
3496;119;215;172;land;false;plains;1
3497;239;68;195;land;false;forest;1
3498;113;234;250;land;false;forest;1
3499;240;115;218;land;false;forest;1
3500;225;230;57;land;false;hills;1
3501;245;89;216;land;false;plains;1
3502;192;107;230;land;false;hills;1
3503;198;202;212;land;false;plains;1
3504;183;222;113;land;false;plains;1
3505;246;150;130;land;false;plains;1
3506;165;217;231;land;true;plains;1
3507;212;181;144;land;true;desert;1
3508;180;211;217;land;true;plains;1
3509;172;245;127;land;false;hills;1
3510;117;200;200;land;false;hills;1
3511;225;227;103;land;true;plains;1
3512;213;107;246;land;false;forest;1
3513;240;184;222;land;false;forest;1
3514;162;208;163;land;true;plains;1
3515;214;232;75;land;true;plains;1
3516;185;95;226;land;false;hills;1
3517;124;224;179;land;false;plains;1
3518;240;140;231;land;false;hills;1
3519;235;97;220;land;false;forest;1
3520;245;164;222;land;true;plains;1
3521;191;146;211;land;false;plains;1
3522;223;181;181;land;true;plains;1
3523;243;228;100;land;false;forest;1
3524;235;58;234;land;true;plains;1
3525;45;228;244;land;false;desert;1
3526;80;182;246;land;true;plains;1
3527;250;104;186;land;true;plains;1
3528;107;232;188;land;false;plains;1
3529;153;201;254;land;false;desert;1
3530;206;196;153;land;false;forest;1
3531;235;128;253;land;false;desert;1
3532;243;227;223;land;true;plains;1
3533;195;222;107;land;false;mountain;1
3534;76;242;219;land;false;marsh;1
3535;125;197;239;land;false;forest;1
3536;206;216;160;land;false;plains;1
3537;243;150;227;land;false;hills;1
3538;188;213;207;land;false;plains;1
3539;236;181;101;land;false;plains;1
3540;130;163;240;land;true;plains;1
3541;210;250;190;land;false;desert;1
3542;169;226;176;land;true;hills;1
3543;247;214;147;land;true;plains;1
3544;29;236;253;land;false;mountain;1
3545;245;185;216;land;false;forest;1
3546;219;125;219;land;false;plains;1
3547;110;245;183;land;false;forest;1
3548;158;230;119;land;false;plains;1
3549;176;240;199;land;true;desert;1
3550;200;217;144;land;false;mountain;1
3551;211;86;210;land;false;plains;1
3552;222;187;214;land;false;plains;1
3553;144;183;198;land;true;plains;1
3554;161;240;118;land;false;forest;1
3555;245;225;37;land;false;plains;1
3556;195;193;232;land;true;plains;1
3557;127;244;133;land;false;hills;1
3558;163;206;232;land;false;forest;1
3559;244;206;177;land;false;forest;1
3560;243;181;177;land;true;plains;1
3561;246;164;125;land;true;plains;1
3562;247;161;212;land;false;forest;1
3563;192;195;202;land;true;jungle;1
3564;176;222;222;land;false;plains;1
3565;149;196;201;land;false;plains;1
3566;218;214;197;land;false;forest;1
3567;242;149;228;land;true;forest;1
3568;150;221;222;land;false;hills;1
3569;203;251;96;land;true;plains;1
3570;232;195;238;land;false;mountain;1
3571;237;79;232;land;false;desert;1
3572;223;40;238;land;false;forest;1
3573;158;251;182;land;false;hills;1
3574;236;212;135;land;false;hills;1
3575;160;218;248;land;false;forest;1
3576;184;158;242;land;false;plains;1
3577;142;146;254;land;true;plains;1
3578;232;221;228;land;false;plains;1
3579;237;140;249;land;true;plains;1
3580;232;254;130;land;true;plains;1
3581;212;238;254;land;false;plains;1
3582;227;167;157;land;true;plains;1
3583;192;140;205;land;true;desert;1
3584;92;199;246;land;true;urban;1
3585;169;234;194;land;true;plains;1
3586;252;61;242;land;true;plains;1
3587;250;177;139;land;false;plains;1
3588;227;212;228;land;true;plains;1
3589;248;109;208;land;false;hills;1
3590;198;182;187;land;true;plains;1
3591;206;237;144;land;false;mountain;1
3592;142;244;200;land;true;plains;1
3593;162;242;210;land;true;plains;1
3594;232;237;80;land;true;plains;1
3595;150;250;129;land;true;plains;1
3596;161;206;199;land;false;jungle;1
3597;234;222;238;land;false;hills;1
3598;207;226;112;land;false;plains;1
3599;169;205;228;land;false;plains;1
3600;238;235;37;land;false;mountain;1
3601;56;236;234;land;false;forest;1
3602;223;161;201;land;false;plains;1
3603;177;236;97;land;true;plains;1
3604;237;96;185;land;false;forest;1
3605;250;254;91;land;false;forest;1
3606;90;217;195;land;false;forest;1
3607;181;206;210;land;true;plains;1
3608;207;119;242;land;false;mountain;1
3609;177;139;244;land;false;forest;1
3610;239;240;218;land;false;hills;1
3611;99;221;216;land;false;hills;1
3612;195;167;228;land;false;plains;1
3613;204;251;104;land;false;hills;1
3614;229;254;20;land;false;plains;1
3615;156;233;171;land;false;hills;1
3616;126;240;224;land;false;hills;1
3617;192;128;230;land;false;plains;1
3618;100;229;237;land;false;plains;1
3619;213;248;137;land;false;plains;1
3620;222;244;107;land;false;plains;1
3621;254;97;194;land;false;plains;1
3622;221;236;158;land;false;hills;1
3623;96;248;176;land;true;plains;1
3624;139;244;238;land;true;urban;1
3625;163;165;235;land;false;forest;1
3626;164;219;211;land;false;hills;1
3627;165;184;215;land;false;plains;1
3628;186;203;234;land;false;plains;1
3629;223;190;248;land;false;plains;1
3630;231;95;184;land;false;forest;1
3631;245;109;221;land;false;plains;1
3632;220;195;196;land;false;forest;1
3633;163;131;240;land;false;hills;1
3634;95;212;200;land;false;plains;1
3635;171;142;236;land;false;hills;1
3636;241;236;61;land;false;plains;1
3637;172;237;187;land;false;plains;1
3638;233;210;219;land;true;plains;1
3639;234;130;212;land;false;plains;1
3640;103;228;222;land;false;mountain;1
3641;128;223;223;land;false;forest;1
3642;223;220;100;land;false;plains;1
3643;222;145;185;land;false;desert;1
3644;228;120;182;land;false;hills;1
3645;250;205;51;land;false;plains;1
3646;148;191;228;land;false;forest;1
3647;186;247;175;land;true;desert;1
3648;146;133;231;land;false;forest;1
3649;248;160;127;land;false;plains;1
3650;244;251;227;land;true;plains;1
3651;72;227;211;land;true;plains;1
3652;234;253;117;land;false;plains;1
3653;157;234;199;land;true;plains;1
3654;135;191;180;land;false;hills;1
3655;99;229;201;land;false;plains;1
3656;130;248;131;land;false;hills;1
3657;170;233;111;land;false;plains;1
3658;236;86;180;land;true;plains;1
3659;180;165;238;land;false;plains;1
3660;220;159;145;land;false;hills;1
3661;235;193;98;land;false;forest;1
3662;234;212;244;land;false;hills;1
3663;149;252;202;land;false;hills;1
3664;168;243;176;land;false;plains;1
3665;213;59;247;land;false;plains;1
3666;195;244;226;land;false;forest;1
3667;207;246;72;land;false;forest;1
3668;234;216;89;land;false;jungle;1
3669;222;155;192;land;false;forest;1
3670;240;159;186;land;false;hills;1
3671;119;212;195;land;false;forest;1
3672;251;146;171;land;false;forest;1
3673;241;223;110;land;false;forest;1
3674;186;141;195;land;false;jungle;1
3675;211;123;187;land;false;forest;1
3676;240;226;56;land;false;plains;1
3677;200;162;175;land;false;plains;1
3678;228;197;233;land;false;plains;1
3679;252;242;144;land;true;plains;1
3680;165;247;244;land;false;plains;1
3681;182;156;239;land;false;forest;1
3682;153;247;128;land;false;jungle;1
3683;240;88;177;land;false;forest;1
3684;240;194;176;land;false;forest;1
3685;119;202;225;land;false;plains;1
3686;242;218;185;land;true;plains;1
3687;245;253;7;land;false;forest;1
3688;203;211;158;land;false;plains;1
3689;58;245;209;land;false;forest;1
3690;218;251;206;land;false;forest;1
3691;126;204;223;land;true;plains;1
3692;228;195;125;land;false;forest;1
3693;197;222;114;land;false;forest;1
3694;199;107;236;land;false;plains;1
3695;243;172;196;land;false;plains;1
3696;240;188;169;land;false;plains;1
3697;193;62;250;land;true;plains;1
3698;242;224;79;land;false;hills;1
3699;186;142;210;land;false;plains;1
3700;165;108;233;land;false;plains;1
3701;246;193;115;land;false;desert;1
3702;239;144;133;land;false;hills;1
3703;182;149;251;land;true;forest;1
3704;223;190;196;land;true;plains;1
3705;70;239;235;land;true;desert;1
3706;172;226;231;land;false;plains;1
3707;220;228;109;land;true;forest;1
3708;142;130;248;land;false;plains;1
3709;214;205;91;land;false;hills;1
3710;205;125;225;land;false;plains;1
3711;216;249;239;land;true;plains;1
3712;223;199;126;land;false;plains;1
3713;245;89;202;land;false;plains;1
3714;93;254;215;land;false;forest;1
3715;205;218;163;land;true;plains;1
3716;206;88;215;land;false;plains;1
3717;191;194;197;land;false;hills;1
3718;154;239;199;land;false;plains;1
3719;96;221;216;land;true;plains;1
3720;234;221;161;land;true;forest;1
3721;246;156;156;land;false;forest;1
3722;199;139;204;land;true;plains;1
3723;227;230;83;land;false;desert;1
3724;74;243;214;land;true;plains;1
3725;239;107;218;land;false;plains;1
3726;200;157;158;land;true;plains;1
3727;236;246;108;land;false;plains;1
3728;184;220;170;land;false;hills;1
3729;232;251;244;land;false;urban;1
3730;251;79;179;land;true;plains;1
3731;188;249;165;land;false;hills;1
3732;246;213;237;land;true;plains;1
3733;195;237;135;land;true;plains;1
3734;196;162;209;land;false;forest;1
3735;136;199;205;land;false;plains;1
3736;244;77;232;land;false;mountain;1
3737;239;123;254;land;false;plains;1
3738;165;210;133;land;false;hills;1
3739;208;224;120;land;false;desert;1
3740;81;251;189;land;false;hills;1
3741;172;114;241;land;false;plains;1
3742;230;162;159;land;true;plains;1
3743;200;232;117;land;false;marsh;1
3744;212;191;176;land;false;plains;1
3745;183;225;163;land;false;hills;1
3746;146;194;244;land;true;plains;1
3747;232;188;133;land;true;plains;1
3748;214;137;202;land;false;hills;1
3749;169;213;138;land;true;plains;1
3750;167;155;195;land;false;forest;1
3751;70;213;244;land;false;jungle;1
3752;250;148;248;land;false;plains;1
3753;224;207;134;land;false;plains;1
3754;98;204;206;land;true;plains;1
3755;200;213;103;land;false;forest;1
3756;220;161;220;land;false;hills;1
3757;202;137;193;land;false;plains;1
3758;238;111;183;land;false;desert;1
3759;231;166;251;land;false;plains;1
3760;218;100;242;land;false;plains;1
3761;225;231;73;land;true;plains;1
3762;213;74;244;land;false;marsh;1
3763;110;193;208;land;false;plains;1
3764;154;218;131;land;true;plains;1
3765;207;159;248;land;false;desert;1
3766;240;114;183;land;true;plains;1
3767;119;206;238;land;false;plains;1
3768;151;226;151;land;true;plains;1
3769;206;244;184;land;true;plains;1
3770;225;232;209;land;true;plains;1
3771;174;217;154;land;false;forest;1
3772;230;83;189;land;false;mountain;1
3773;136;231;193;land;true;plains;1
3774;209;242;155;land;false;hills;1
3775;189;220;153;land;false;jungle;1
3776;218;146;213;land;true;plains;1
3777;117;249;201;land;false;marsh;1
3778;252;202;122;land;false;plains;1
3779;226;83;197;land;false;hills;1
3780;78;239;195;land;false;plains;1
3781;145;206;193;land;true;plains;1
3782;234;220;126;land;false;forest;1
3783;168;199;230;land;true;plains;1
3784;234;103;210;land;false;plains;1
3785;248;193;145;land;false;mountain;1
3786;143;206;234;land;false;hills;1
3787;93;228;254;land;false;forest;1
3788;233;217;52;land;false;forest;1
3789;239;165;189;land;true;plains;1
3790;204;180;203;land;false;plains;1
3791;229;154;184;land;false;marsh;1
3792;249;109;186;land;false;jungle;1
3793;107;248;250;land;true;plains;1
3794;181;67;253;land;true;forest;1
3795;53;212;241;land;false;hills;1
3796;185;143;225;land;false;desert;1
3797;220;205;242;land;false;jungle;1
3798;203;172;235;land;true;plains;1
3799;215;240;136;land;false;hills;1
3800;209;116;234;land;false;plains;1
3801;79;244;228;land;false;plains;1
3802;192;167;218;land;false;forest;1
3803;226;67;224;land;false;forest;1
3804;191;170;197;land;false;hills;1
3805;221;114;187;land;false;hills;1
3806;241;184;146;land;false;mountain;1
3807;236;148;217;land;false;desert;1
3808;150;145;213;land;false;mountain;1
3809;115;251;163;land;true;plains;1
3810;169;222;116;land;false;hills;1
3811;244;205;110;land;false;forest;1
3812;225;254;56;land;false;desert;1
3813;250;201;224;land;true;plains;1
3814;223;217;90;land;false;forest;1
3815;178;230;247;land;true;plains;1
3816;230;140;131;land;false;plains;1
3817;215;228;214;land;false;jungle;1
3818;222;233;91;land;true;forest;1
3819;92;233;246;land;false;forest;1
3820;143;236;243;land;false;desert;1
3821;138;208;232;land;false;plains;1
3822;183;211;184;land;false;plains;1
3823;132;232;192;land;true;plains;1
3824;240;126;235;land;false;jungle;1
3825;163;239;231;land;false;plains;1
3826;234;194;171;land;true;forest;1
3827;201;98;211;land;true;forest;1
3828;162;245;153;land;false;plains;1
3829;34;234;235;land;false;plains;1
3830;183;213;185;land;false;plains;1
3831;176;241;240;land;false;forest;1
3832;173;233;140;land;false;plains;1
3833;237;176;154;land;false;desert;1
3834;209;187;252;land;true;plains;1
3835;240;211;127;land;false;hills;1
3836;184;132;216;land;false;plains;1
3837;66;197;244;land;false;mountain;1
3838;211;214;242;land;true;plains;1
3839;219;215;141;land;true;hills;1
3840;244;129;231;land;false;plains;1
3841;102;174;252;land;true;plains;1
3842;83;232;232;land;false;hills;1
3843;170;182;248;land;false;hills;1
3844;241;242;223;land;false;plains;1
3845;212;225;192;land;false;hills;1
3846;238;116;150;land;false;plains;1
3847;247;123;167;land;false;plains;1
3848;82;183;251;land;true;plains;1
3849;207;154;197;land;false;hills;1
3850;250;163;169;land;true;plains;1
3851;210;215;222;land;false;forest;1
3852;172;170;249;land;false;hills;1
3853;163;166;253;land;true;plains;1
3854;106;252;243;land;false;plains;1
3855;209;223;155;land;false;forest;1
3856;117;224;221;land;false;mountain;1
3857;241;149;177;land;false;forest;1
3858;248;227;84;land;true;plains;1
3859;227;158;200;land;false;plains;1
3860;168;188;245;land;false;plains;1
3861;179;169;181;land;false;forest;1
3862;207;215;191;land;false;plains;1
3863;188;247;86;land;true;hills;1
3864;61;221;252;land;false;forest;1
3865;24;252;225;land;false;desert;1
3866;177;203;218;land;false;plains;1
3867;50;244;228;land;true;plains;1
3868;222;108;215;land;false;plains;1
3869;236;52;244;land;true;plains;1
3870;96;223;226;land;false;forest;1
3871;191;215;123;land;true;mountain;1
3872;128;205;222;land;false;desert;1
3873;215;202;186;land;false;forest;1
3874;252;175;180;land;false;forest;1
3875;236;187;169;land;false;jungle;1
3876;57;211;254;land;false;plains;1
3877;185;148;189;land;false;forest;1
3878;198;108;229;land;true;plains;1
3879;137;188;236;land;false;hills;1
3880;243;111;202;land;false;forest;1
3881;211;221;177;land;true;plains;1
3882;203;206;236;land;false;forest;1
3883;218;154;173;land;false;plains;1
3884;205;112;231;land;false;hills;1
3885;120;198;211;land;true;plains;1
3886;191;94;245;land;false;forest;1
3887;235;101;188;land;false;forest;1
3888;166;178;218;land;true;plains;1
3889;245;229;90;land;false;hills;1
3890;91;186;238;land;false;forest;1
3891;222;200;110;land;false;plains;1
3892;233;244;159;land;true;marsh;1
3893;229;87;217;land;false;plains;1
3894;189;202;247;land;true;plains;1
3895;227;202;189;land;false;hills;1
3896;80;249;234;land;false;plains;1
3897;247;132;141;land;true;desert;1
3898;212;202;187;land;true;plains;1
3899;250;250;25;land;false;forest;1
3900;87;192;222;land;true;plains;1
3901;170;134;253;land;false;desert;1
3902;241;151;129;land;false;plains;1
3903;189;153;201;land;false;mountain;1
3904;123;249;244;land;false;hills;1
3905;92;244;219;land;false;plains;1
3906;227;97;214;land;true;plains;1
3907;215;244;224;land;false;plains;1
3908;171;176;205;land;false;plains;1
3909;78;224;240;land;false;hills;1
3910;158;250;195;land;false;forest;1
3911;167;226;253;land;false;plains;1
3912;52;204;254;land;false;plains;1
3913;215;138;243;land;false;plains;1
3914;247;63;214;land;true;plains;1
3915;91;245;169;land;true;plains;1
3916;240;36;249;land;true;forest;1
3917;242;221;194;land;false;urban;1
3918;239;147;131;land;false;plains;1
3919;180;228;157;land;true;forest;1
3920;152;114;251;land;false;forest;1
3921;178;155;210;land;true;desert;1
3922;231;250;233;land;true;forest;1
3923;191;104;244;land;false;hills;1
3924;196;249;212;land;false;plains;1
3925;244;92;228;land;false;plains;1
3926;108;172;248;land;false;jungle;1
3927;193;193;250;land;true;plains;1
3928;182;112;253;land;false;plains;1
3929;232;72;253;land;false;forest;1
3930;253;236;56;land;false;forest;1
3931;120;232;233;land;false;hills;1
3932;35;244;248;land;true;plains;1
3933;113;252;170;land;true;plains;1
3934;221;153;165;land;false;desert;1
3935;205;171;129;land;true;forest;1
3936;204;206;127;land;false;plains;1
3937;242;163;219;land;true;plains;1
3938;213;242;130;land;false;plains;1
3939;198;150;252;land;false;forest;1
3940;227;238;131;land;false;marsh;1
3941;112;233;233;land;true;plains;1
3942;184;219;142;land;false;plains;1
3943;230;54;222;land;true;plains;1
3944;210;236;130;land;false;plains;1
3945;212;118;189;land;true;plains;1
3946;170;223;207;land;false;hills;1
3947;230;250;173;land;false;plains;1
3948;180;198;195;land;true;urban;1
3949;131;175;204;land;true;plains;1
3950;172;180;179;land;false;hills;1
3951;98;176;241;land;true;plains;1
3952;237;95;223;land;true;plains;1
3953;168;195;192;land;false;hills;1
3954;209;148;242;land;false;forest;1
3955;238;212;106;land;true;plains;1
3956;231;189;92;land;false;plains;1
3957;114;186;236;land;false;plains;1
3958;217;132;153;land;false;forest;1
3959;165;223;169;land;false;plains;1
3960;243;170;206;land;false;forest;1
3961;192;235;117;land;true;plains;1
3962;222;190;188;land;false;jungle;1
3963;108;221;179;land;true;plains;1
3964;208;172;133;land;false;desert;1
3965;245;84;246;land;false;plains;1
3966;244;137;242;land;true;plains;1
3967;159;233;226;land;true;plains;1
3968;241;217;190;land;false;plains;1
3969;173;200;251;land;true;plains;1
3970;207;152;233;land;false;forest;1
3971;221;49;241;land;false;plains;1
3972;165;219;151;land;false;forest;1
3973;200;176;248;land;false;plains;1
3974;45;210;250;land;false;plains;1
3975;230;235;202;land;true;plains;1
3976;234;206;151;land;false;mountain;1
3977;215;204;230;land;false;mountain;1
3978;254;146;199;land;false;plains;1
3979;201;244;194;land;false;forest;1
3980;146;208;216;land;false;jungle;1
3981;217;96;197;land;false;forest;1
3982;243;138;202;land;false;jungle;1
3983;168;253;108;land;true;plains;1
3984;217;161;217;land;false;plains;1
3985;254;161;219;land;false;forest;1
3986;139;242;208;land;true;plains;1
3987;244;129;209;land;true;plains;1
3988;246;180;209;land;true;plains;1
3989;208;78;229;land;false;hills;1
3990;213;236;171;land;false;forest;1
3991;191;234;111;land;false;desert;1
3992;207;209;94;land;false;plains;1
3993;107;245;199;land;false;plains;1
3994;57;254;219;land;true;plains;1
3995;125;236;238;land;true;plains;1
3996;112;199;241;land;false;jungle;1
3997;194;243;74;land;true;plains;1
3998;144;238;123;land;false;plains;1
3999;43;241;249;land;false;hills;1
4000;247;157;126;land;true;plains;1
4001;102;244;174;land;false;plains;1
4002;227;177;112;land;false;plains;1
4003;247;193;198;land;true;hills;1
4004;218;148;210;land;false;forest;1
4005;212;253;189;land;false;mountain;1
4006;213;145;156;land;false;mountain;1
4007;236;96;196;land;false;plains;1
4008;145;246;241;land;false;hills;1
4009;216;76;233;land;false;forest;1
4010;167;228;108;land;false;plains;1
4011;211;225;237;land;true;plains;1
4012;153;216;198;land;false;hills;1
4013;207;164;143;land;false;hills;1
4014;155;217;171;land;true;plains;1
4015;188;123;208;land;false;plains;1
4016;210;235;189;land;true;plains;1
4017;86;236;183;land;false;forest;1
4018;137;235;240;land;false;plains;1
4019;124;174;239;land;false;forest;1
4020;124;232;231;land;false;plains;1
4021;222;236;227;land;false;hills;1
4022;222;161;246;land;false;forest;1
4023;235;205;78;land;false;hills;1
4024;210;251;59;land;false;forest;1
4025;210;134;212;land;true;plains;1
4026;178;183;140;land;false;hills;1
4027;218;215;109;land;false;plains;1
4028;183;234;141;land;false;hills;1
4029;224;237;135;land;false;desert;1
4030;228;211;210;land;true;plains;1
4031;250;238;15;land;true;plains;1
4032;204;168;245;land;false;forest;1
4033;249;180;133;land;true;plains;1
4034;192;229;251;land;false;plains;1
4035;194;231;145;land;true;plains;1
4036;250;145;130;land;false;forest;1
4037;238;190;225;land;true;forest;1
4038;147;245;114;land;true;plains;1
4039;147;184;202;land;false;hills;1
4040;165;157;251;land;false;plains;1
4041;205;236;156;land;true;plains;1
4042;104;219;197;land;false;plains;1
4043;251;209;231;land;true;plains;1
4044;241;204;154;land;false;forest;1
4045;140;175;244;land;false;desert;1
4046;205;175;241;land;true;urban;1
4047;216;245;69;land;false;desert;1
4048;209;236;214;land;true;plains;1
4049;212;175;247;land;true;plains;1
4050;237;237;147;land;false;forest;1
4051;252;243;76;land;true;forest;1
4052;190;133;244;land;false;plains;1
4053;196;219;199;land;false;hills;1
4054;244;140;150;land;false;plains;1
4055;233;37;240;land;false;plains;1
4056;254;91;158;land;false;hills;1
4057;136;252;117;land;false;hills;1
4058;222;83;200;land;false;desert;1
4059;211;170;189;land;false;hills;1
4060;245;197;171;land;false;desert;1
4061;79;246;254;land;false;plains;1
4062;209;151;184;land;true;forest;1
4063;224;247;162;land;false;plains;1
4064;127;234;204;land;false;hills;1
4065;243;152;215;land;false;plains;1
4066;239;80;190;land;false;plains;1
4067;126;234;253;land;false;desert;1
4068;57;220;249;land;false;plains;1
4069;191;214;116;land;false;plains;1
4070;216;129;204;land;false;forest;1
4071;145;204;238;land;false;mountain;1
4072;81;213;240;land;true;plains;1
4073;171;223;177;land;false;desert;1
4074;68;234;244;land;false;plains;1
4075;100;225;194;land;false;forest;1
4076;173;174;193;land;false;hills;1
4077;225;166;117;land;false;mountain;1
4078;229;196;217;land;false;forest;1
4079;147;199;176;land;true;plains;1
4080;129;248;172;land;false;plains;1
4081;145;172;244;land;false;forest;1
4082;219;102;251;land;false;plains;1
4083;208;229;137;land;true;plains;1
4084;134;221;156;land;false;plains;1
4085;185;223;173;land;false;plains;1
4086;242;242;162;land;false;forest;1
4087;129;235;220;land;false;plains;1
4088;208;221;86;land;false;forest;1
4089;238;139;223;land;true;plains;1
4090;173;158;179;land;true;plains;1
4091;252;186;106;land;false;desert;1
4092;183;205;125;land;false;mountain;1
4093;137;228;189;land;false;forest;1
4094;217;153;200;land;false;forest;1
4095;163;251;101;land;false;forest;1
4096;247;143;206;land;false;forest;1
4097;175;238;99;land;false;plains;1
4098;231;229;78;land;true;plains;1
4099;136;214;231;land;true;plains;1
4100;176;237;120;land;false;desert;1
4101;188;195;210;land;true;plains;1
4102;252;43;239;land;false;forest;1
4103;253;148;220;land;false;hills;1
4104;144;206;216;land;true;plains;1
4105;218;234;244;land;false;hills;1
4106;218;146;177;land;false;jungle;1
4107;222;134;149;land;true;plains;1
4108;233;241;169;land;false;plains;1
4109;145;231;189;land;false;forest;1
4110;94;251;230;land;false;plains;1
4111;175;238;167;land;false;forest;1
4112;236;241;208;land;false;plains;1
4113;173;245;232;land;true;hills;1
4114;211;84;230;land;false;hills;1
4115;247;238;160;land;false;plains;1
4116;207;254;169;land;false;hills;1
4117;226;220;159;land;true;plains;1
4118;251;206;229;land;false;plains;1
4119;149;234;218;land;false;desert;1
4120;110;213;245;land;true;plains;1
4121;180;125;219;land;false;desert;1
4122;228;222;217;land;true;plains;1
4123;224;200;224;land;false;forest;1
4124;247;126;136;land;false;plains;1
4125;135;179;195;land;false;plains;1
4126;161;219;221;land;false;mountain;1
4127;224;238;58;land;false;plains;1
4128;233;250;124;land;false;desert;1
4129;191;128;252;land;false;plains;1
4130;144;173;235;land;false;jungle;1
4131;133;237;132;land;false;plains;1
4132;231;148;190;land;true;plains;1
4133;90;205;213;land;true;plains;1
4134;133;231;201;land;true;plains;1
4135;222;217;184;land;false;desert;1
4136;149;175;183;land;false;hills;1
4137;125;141;241;land;true;plains;1
4138;98;212;229;land;true;plains;1
4139;89;222;248;land;false;hills;1
4140;217;232;127;land;false;desert;1
4141;172;111;231;land;false;forest;1
4142;238;196;239;land;false;forest;1
4143;222;209;126;land;false;desert;1
4144;144;230;166;land;false;jungle;1
4145;149;109;254;land;false;plains;1
4146;220;241;69;land;false;marsh;1
4147;135;137;239;land;false;forest;1
4148;89;208;254;land;true;plains;1
4149;147;166;233;land;true;plains;1
4150;180;240;194;land;true;plains;1
4151;165;180;240;land;false;jungle;1
4152;250;96;201;land;false;plains;1
4153;250;189;149;land;true;plains;1
4154;240;174;230;land;false;plains;1
4155;248;250;170;land;false;jungle;1
4156;187;109;236;land;false;mountain;1
4157;168;183;157;land;false;mountain;1
4158;40;242;249;land;true;plains;1
4159;228;83;236;land;true;plains;1
4160;41;245;253;land;false;desert;1
4161;233;198;144;land;false;plains;1
4162;228;194;234;land;false;desert;1
4163;163;163;232;land;false;hills;1
4164;229;99;222;land;false;hills;1
4165;162;249;225;land;true;plains;1
4166;148;241;195;land;true;forest;1
4167;203;201;243;land;false;hills;1
4168;244;252;67;land;true;plains;1
4169;142;181;183;land;true;plains;1
4170;217;199;219;land;false;hills;1
4171;235;218;147;land;false;mountain;1
4172;174;204;213;land;false;forest;1
4173;194;98;242;land;true;plains;1
4174;145;236;233;land;false;plains;1
4175;120;164;239;land;false;hills;1
4176;69;237;233;land;true;plains;1
4177;254;140;201;land;false;plains;1
4178;251;146;106;land;true;plains;1
4179;218;222;192;land;false;mountain;1
4180;230;241;220;land;true;forest;1
4181;214;221;246;land;true;plains;1
4182;247;245;12;land;true;plains;1
4183;160;248;143;land;false;desert;1
4184;114;201;224;land;false;plains;1
4185;222;115;214;land;true;plains;1
4186;41;247;253;land;true;plains;1
4187;230;173;102;land;false;desert;1
4188;102;250;204;land;true;plains;1
4189;182;184;163;land;false;forest;1
4190;111;225;233;land;false;forest;1
4191;207;144;247;land;false;forest;1
4192;221;242;238;land;false;hills;1
4193;213;114;195;land;false;plains;1
4194;242;136;179;land;false;jungle;1
4195;231;224;229;land;false;hills;1
4196;231;137;137;land;false;plains;1
4197;92;212;202;land;false;plains;1
4198;187;232;152;land;false;plains;1
4199;253;222;231;land;true;plains;1
4200;160;167;217;land;true;plains;1
4201;170;218;143;land;false;plains;1
4202;177;224;126;land;false;desert;1
4203;100;241;173;land;false;mountain;1
4204;218;157;161;land;false;plains;1
4205;117;170;224;land;false;hills;1
4206;197;133;213;land;false;plains;1
4207;172;168;168;land;false;desert;1
4208;254;37;226;land;false;plains;1
4209;140;249;211;land;false;desert;1
4210;148;214;193;land;false;plains;1
4211;242;171;175;land;false;forest;1
4212;213;244;147;land;false;forest;1
4213;238;228;235;land;true;plains;1
4214;186;196;249;land;false;plains;1
4215;197;142;177;land;false;desert;1
4216;234;198;240;land;true;plains;1
4217;228;86;228;land;true;plains;1
4218;244;83;175;land;false;forest;1
4219;223;82;217;land;false;plains;1
4220;252;65;214;land;false;plains;1
4221;246;184;201;land;false;plains;1
4222;223;158;140;land;false;jungle;1
4223;78;195;228;land;false;hills;1
4224;97;254;166;land;false;plains;1
4225;253;79;224;land;false;jungle;1
4226;219;189;98;land;true;plains;1
4227;126;247;222;land;false;mountain;1
4228;189;235;200;land;false;plains;1
4229;224;238;249;land;true;forest;1
4230;48;252;243;land;true;plains;1
4231;214;228;86;land;false;plains;1
4232;225;217;130;land;true;plains;1
4233;186;223;178;land;true;plains;1
4234;216;189;194;land;true;plains;1
4235;180;162;220;land;true;plains;1
4236;160;98;248;land;false;forest;1
4237;187;226;187;land;false;plains;1
4238;222;244;195;land;false;forest;1
4239;186;119;210;land;true;plains;1
4240;218;250;198;land;false;forest;1
4241;245;30;254;land;true;plains;1
4242;247;201;100;land;true;desert;1
4243;223;215;175;land;false;hills;1
4244;183;168;212;land;false;plains;1
4245;172;252;232;land;true;plains;1
4246;234;108;192;land;false;mountain;1
4247;227;213;119;land;false;hills;1
4248;172;195;157;land;false;desert;1
4249;197;96;208;land;false;jungle;1
4250;156;168;232;land;false;plains;1
4251;152;248;229;land;true;plains;1
4252;152;203;228;land;false;forest;1
4253;228;136;196;land;false;plains;1
4254;202;181;167;land;true;jungle;1
4255;222;252;163;land;false;jungle;1
4256;217;242;49;land;false;forest;1
4257;235;232;127;land;false;plains;1
4258;193;156;162;land;false;plains;1
4259;75;193;254;land;false;forest;1
4260;228;69;240;land;false;desert;1
4261;237;244;100;land;false;plains;1
4262;233;210;201;land;false;plains;1
4263;49;247;244;land;false;forest;1
4264;240;199;172;land;false;hills;1
4265;188;251;129;land;false;plains;1
4266;205;110;246;land;false;jungle;1
4267;232;102;239;land;false;desert;1
4268;213;133;231;land;false;plains;1
4269;105;212;200;land;false;forest;1
4270;243;147;154;land;false;hills;1
4271;252;126;169;land;true;plains;1
4272;78;249;202;land;false;hills;1
4273;247;151;206;land;true;plains;1
4274;204;160;165;land;false;plains;1
4275;179;195;153;land;false;forest;1
4276;127;216;234;land;true;plains;1
4277;191;200;174;land;false;plains;1
4278;156;250;215;land;false;forest;1
4279;242;218;222;land;true;plains;1
4280;240;253;193;land;true;plains;1
4281;236;194;197;land;true;plains;1
4282;216;163;200;land;false;plains;1
4283;180;146;214;land;true;plains;1
4284;247;213;185;land;false;plains;1
4285;142;222;173;land;true;plains;1
4286;179;142;203;land;false;forest;1
4287;193;243;176;land;false;desert;1
4288;240;198;254;land;true;plains;1
4289;117;232;234;land;true;plains;1
4290;153;184;201;land;false;mountain;1
4291;139;221;160;land;false;forest;1
4292;240;239;222;land;false;forest;1
4293;211;127;203;land;false;desert;1
4294;254;194;229;land;false;forest;1
4295;155;161;201;land;false;hills;1
4296;254;192;94;land;true;plains;1
4297;210;244;128;land;true;plains;1
4298;214;94;243;land;false;forest;1
4299;203;135;239;land;false;plains;1
4300;120;213;246;land;false;forest;1
4301;247;249;242;land;false;desert;1
4302;204;148;185;land;false;hills;1
4303;195;135;225;land;false;forest;1
4304;131;125;254;land;false;hills;1
4305;197;239;115;land;false;jungle;1
4306;246;196;236;land;false;hills;1
4307;242;189;244;land;true;plains;1
4308;204;175;241;land;false;mountain;1
4309;214;83;254;land;true;plains;1
4310;158;193;164;land;false;plains;1
4311;221;176;135;land;false;desert;1
4312;200;149;212;land;false;plains;1
4313;170;215;197;land;false;plains;1
4314;254;246;26;land;true;forest;1
4315;238;201;73;land;false;plains;1
4316;125;248;195;land;false;hills;1
4317;249;254;60;land;false;jungle;1
4318;118;187;244;land;true;plains;1
4319;146;139;252;land;true;plains;1
4320;178;245;161;land;true;plains;1
4321;15;234;253;land;true;plains;1
4322;244;245;133;land;true;plains;1
4323;216;238;246;land;false;plains;1
4324;253;96;182;land;false;plains;1
4325;211;213;92;land;true;plains;1
4326;204;186;241;land;false;plains;1
4327;252;114;148;land;false;plains;1
4328;179;138;246;land;false;plains;1
4329;233;177;164;land;false;forest;1
4330;184;82;246;land;false;hills;1
4331;250;167;158;land;true;plains;1
4332;225;125;247;land;false;hills;1
4333;152;192;186;land;false;hills;1
4334;75;226;250;land;false;forest;1
4335;186;99;228;land;false;hills;1
4336;156;181;237;land;false;desert;1
4337;204;213;229;land;false;mountain;1
4338;115;192;200;land;false;plains;1
4339;179;88;247;land;false;marsh;1
4340;102;167;236;land;false;hills;1
4341;144;242;200;land;false;plains;1
4342;153;181;237;land;false;desert;1
4343;100;241;238;land;true;plains;1
4344;215;193;116;land;false;plains;1
4345;157;185;209;land;false;plains;1
4346;203;192;128;land;false;desert;1
4347;131;199;195;land;false;forest;1
4348;222;189;165;land;true;plains;1
4349;191;219;233;land;true;plains;1
4350;210;139;244;land;true;plains;1
4351;246;81;200;land;false;plains;1
4352;54;239;211;land;false;plains;1
4353;236;173;160;land;false;hills;1
4354;175;249;157;land;false;forest;1
4355;230;60;211;land;false;forest;1
4356;123;229;197;land;false;plains;1
4357;252;121;236;land;false;plains;1
4358;113;244;161;land;false;hills;1
4359;185;175;232;land;false;plains;1
4360;210;222;212;land;false;plains;1
4361;236;251;180;land;false;hills;1
4362;244;151;214;land;false;hills;1
4363;251;204;122;land;false;plains;1
4364;233;204;69;land;false;hills;1
4365;177;200;219;land;true;plains;1
4366;164;207;199;land;false;forest;1
4367;244;114;186;land;false;plains;1
4368;177;253;103;land;false;forest;1
4369;209;129;215;land;false;forest;1
4370;210;166;185;land;false;forest;1
4371;173;249;239;land;true;plains;1
4372;220;159;211;land;false;plains;1
4373;234;83;186;land;true;plains;1
4374;217;69;240;land;false;desert;1
4375;229;153;221;land;true;hills;1
4376;224;126;218;land;true;plains;1
4377;198;175;170;land;false;plains;1
4378;200;232;247;land;false;desert;1
4379;102;250;246;land;true;plains;1
4380;135;175;204;land;false;hills;1
4381;238;237;179;land;false;jungle;1
4382;179;247;171;land;false;desert;1
4383;214;180;124;land;false;forest;1
4384;164;204;158;land;true;plains;1
4385;234;104;213;land;true;plains;1
4386;253;76;172;land;true;hills;1
4387;213;181;219;land;false;forest;1
4388;75;206;239;land;false;plains;1
4389;173;126;213;land;false;forest;1
4390;77;224;222;land;false;hills;1
4391;193;68;248;land;false;jungle;1
4392;201;187;187;land;false;hills;1
4393;156;191;166;land;false;desert;1
4394;179;213;218;land;false;plains;1
4395;236;112;214;land;false;desert;1
4396;236;250;34;land;false;plains;1
4397;253;212;127;land;false;plains;1
4398;134;191;195;land;true;forest;1
4399;189;221;144;land;false;forest;1
4400;107;241;206;land;false;plains;1
4401;223;235;112;land;false;desert;1
4402;52;253;228;land;false;hills;1
4403;104;246;211;land;false;jungle;1
4404;120;210;175;land;false;plains;1
4405;254;121;192;land;true;forest;1
4406;188;90;249;land;false;forest;1
4407;250;119;251;land;false;hills;1
4408;222;200;134;land;false;plains;1
4409;212;141;156;land;false;plains;1
4410;219;233;151;land;true;plains;1
4411;205;57;253;land;false;plains;1
4412;243;117;144;land;true;plains;1
4413;163;179;244;land;false;mountain;1
4414;241;145;198;land;true;plains;1
4415;219;162;205;land;false;plains;1
4416;124;192;189;land;false;plains;1
4417;131;254;179;land;false;hills;1
4418;159;155;207;land;false;plains;1
4419;195;209;103;land;false;desert;1
4420;199;227;77;land;false;forest;1
4421;212;240;161;land;true;hills;1
4422;249;191;226;land;false;forest;1
4423;231;116;220;land;false;plains;1
4424;147;234;229;land;false;mountain;1
4425;166;173;207;land;false;hills;1
4426;131;209;241;land;false;forest;1
4427;167;217;201;land;false;plains;1
4428;175;166;169;land;false;forest;1
4429;206;222;190;land;false;forest;1
4430;243;119;151;land;false;plains;1
4431;102;207;209;land;false;desert;1
4432;215;171;231;land;false;jungle;1
4433;170;200;202;land;false;plains;1
4434;159;232;244;land;true;plains;1
4435;252;205;71;land;true;hills;1
4436;246;77;244;land;true;plains;1
4437;206;218;106;land;false;mountain;1
4438;154;228;195;land;false;hills;1
4439;199;141;234;land;false;forest;1
4440;186;168;254;land;false;plains;1
4441;200;251;157;land;false;desert;1
4442;232;148;168;land;false;plains;1
4443;70;215;219;land;true;plains;1
4444;165;246;252;land;true;forest;1
4445;147;205;217;land;true;forest;1
4446;109;250;201;land;false;marsh;1
4447;203;243;83;land;false;forest;1
4448;251;143;165;land;false;mountain;1
4449;105;212;216;land;false;desert;1
4450;233;213;89;land;false;jungle;1
4451;246;134;139;land;false;forest;1
4452;220;79;238;land;false;desert;1
4453;250;243;254;land;false;plains;1
4454;224;169;234;land;false;plains;1
4455;248;193;116;land;false;plains;1
4456;129;242;159;land;true;plains;1
4457;252;173;214;land;false;forest;1
4458;167;130;227;land;true;forest;1
4459;136;245;127;land;true;plains;1
4460;189;236;254;land;false;desert;1
4461;202;239;180;land;false;plains;1
4462;173;220;129;land;true;plains;1
4463;144;144;234;land;false;jungle;1
4464;220;220;234;land;false;forest;1
4465;152;170;189;land;true;plains;1
4466;251;181;133;land;false;plains;1
4467;139;172;252;land;false;plains;1
4468;219;166;227;land;false;forest;1
4469;240;246;59;land;false;plains;1
4470;155;176;203;land;false;plains;1
4471;225;252;38;land;true;desert;1
4472;136;243;249;land;false;forest;1
4473;121;248;225;land;false;forest;1
4474;246;86;230;land;false;forest;1
4475;121;232;197;land;false;plains;1
4476;191;187;250;land;false;jungle;1
4477;240;62;239;land;false;plains;1
4478;240;203;220;land;true;plains;1
4479;214;223;147;land;false;hills;1
4480;253;248;99;land;false;plains;1
4481;160;190;222;land;false;plains;1
4482;199;120;193;land;false;forest;1
4483;119;171;241;land;true;plains;1
4484;162;130;212;land;false;plains;1
4485;211;80;234;land;true;plains;1
4486;221;245;223;land;false;jungle;1
4487;192;233;202;land;false;forest;1
4488;191;215;226;land;false;plains;1
4489;137;254;113;land;true;plains;1
4490;239;172;125;land;false;plains;1
4491;88;208;254;land;false;mountain;1
4492;65;239;254;land;true;plains;1
4493;253;42;251;land;true;desert;1
4494;196;195;182;land;false;forest;1
4495;232;68;213;land;false;plains;1
4496;97;232;228;land;false;plains;1
4497;170;241;158;land;false;plains;1
4498;239;177;102;land;true;plains;1
4499;153;214;221;land;false;hills;1
4500;147;206;162;land;false;plains;1
4501;239;229;76;land;true;plains;1
4502;234;67;212;land;false;plains;1
4503;248;227;200;land;false;mountain;1
4504;216;230;103;land;false;hills;1
4505;100;206;233;land;false;hills;1
4506;154;176;201;land;false;plains;1
4507;121;237;243;land;true;plains;1
4508;126;253;171;land;true;forest;1
4509;231;240;103;land;true;hills;1
4510;155;246;170;land;true;desert;1
4511;251;139;179;land;false;plains;1
4512;105;184;254;land;false;hills;1
4513;191;127;221;land;true;plains;1
4514;231;170;229;land;false;plains;1
4515;164;249;225;land;false;forest;1
4516;178;161;222;land;true;plains;1
4517;116;172;235;land;false;forest;1
4518;113;189;220;land;true;plains;1
4519;205;171;152;land;false;plains;1
4520;213;154;217;land;false;forest;1
4521;216;247;232;land;true;plains;1
4522;117;225;179;land;false;forest;1
4523;94;227;193;land;false;forest;1
4524;181;145;212;land;false;mountain;1
4525;205;219;154;land;false;plains;1
4526;231;103;247;land;true;hills;1
4527;230;187;233;land;true;forest;1
4528;125;217;227;land;false;desert;1
4529;219;246;141;land;false;plains;1
4530;245;106;152;land;true;hills;1
4531;58;217;231;land;false;plains;1
4532;216;213;249;land;true;plains;1
4533;240;91;182;land;false;forest;1
4534;239;198;210;land;false;hills;1
4535;241;55;232;land;false;forest;1
4536;245;234;197;land;false;hills;1
4537;135;213;158;land;true;hills;1
4538;185;178;242;land;false;hills;1
4539;117;226;238;land;false;forest;1
4540;159;162;165;land;false;plains;1
4541;139;218;174;land;false;forest;1
4542;247;225;151;land;true;forest;1
4543;240;89;206;land;false;plains;1
4544;190;219;154;land;false;forest;1
4545;231;194;100;land;false;hills;1
4546;157;246;195;land;false;plains;1
4547;186;192;207;land;false;forest;1
4548;198;172;222;land;true;plains;1
4549;144;198;231;land;true;plains;1
4550;252;109;202;land;false;plains;1
4551;249;171;171;land;false;forest;1
4552;251;85;204;land;false;forest;1
4553;82;249;239;land;false;desert;1
4554;96;248;184;land;false;hills;1
4555;137;152;230;land;false;plains;1
4556;98;223;243;land;true;plains;1
4557;226;200;213;land;false;jungle;1
4558;204;247;166;land;false;plains;1
4559;250;247;214;land;false;forest;1
4560;193;243;73;land;false;jungle;1
4561;177;228;216;land;true;plains;1
4562;245;50;241;land;true;plains;1
4563;147;145;223;land;false;plains;1
4564;150;223;226;land;false;hills;1
4565;241;103;188;land;true;plains;1
4566;182;154;182;land;true;plains;1
4567;122;194;232;land;false;plains;1
4568;197;240;247;land;false;jungle;1
4569;182;242;198;land;false;hills;1
4570;214;107;236;land;false;plains;1
4571;160;237;193;land;true;plains;1
4572;220;253;51;land;false;forest;1
4573;85;171;249;land;false;mountain;1
4574;247;215;140;land;true;plains;1
4575;167;220;134;land;false;forest;1
4576;235;131;215;land;false;forest;1
4577;227;144;247;land;true;plains;1
4578;159;184;234;land;false;hills;1
4579;242;178;199;land;false;hills;1
4580;218;84;208;land;false;forest;1
4581;222;251;140;land;false;mountain;1
4582;214;125;252;land;true;plains;1
4583;203;243;195;land;true;desert;1
4584;123;225;209;land;false;desert;1
4585;169;152;193;land;false;marsh;1
4586;214;198;167;land;false;plains;1
4587;220;129;160;land;true;desert;1
4588;157;126;251;land;false;plains;1
4589;81;224;228;land;false;plains;1
4590;191;215;143;land;true;plains;1
4591;175;236;172;land;true;plains;1
4592;225;182;179;land;true;plains;1
4593;253;128;176;land;false;hills;1
4594;139;233;178;land;false;plains;1
4595;135;236;212;land;false;desert;1
4596;210;243;130;land;false;plains;1
4597;179;234;138;land;false;forest;1
4598;147;175;215;land;false;plains;1
4599;219;152;192;land;true;desert;1
4600;246;165;111;land;false;forest;1
4601;251;191;207;land;true;plains;1
4602;225;216;193;land;false;plains;1
4603;212;139;154;land;false;hills;1
4604;204;137;164;land;true;plains;1
4605;173;221;179;land;true;plains;1
4606;236;152;249;land;false;hills;1
4607;131;164;245;land;false;hills;1
4608;240;70;197;land;false;forest;1
4609;112;208;196;land;true;plains;1
4610;133;223;253;land;true;plains;1
4611;223;248;144;land;true;plains;1
4612;86;243;202;land;false;plains;1
4613;238;151;212;land;false;desert;1
4614;203;191;137;land;false;plains;1
4615;187;149;204;land;false;hills;1
4616;188;216;102;land;false;plains;1
4617;249;206;128;land;false;hills;1
4618;240;133;206;land;false;plains;1
4619;247;219;216;land;false;hills;1
4620;90;249;174;land;true;plains;1
4621;223;85;216;land;true;plains;1
4622;222;104;190;land;false;mountain;1
4623;167;184;236;land;false;forest;1
4624;231;91;242;land;false;mountain;1
4625;240;118;173;land;false;plains;1
4626;213;103;249;land;true;plains;1
4627;141;135;237;land;false;plains;1
4628;242;184;127;land;false;plains;1
4629;223;239;136;land;false;jungle;1
4630;212;240;52;land;false;hills;1
4631;219;86;217;land;false;forest;1
4632;141;207;205;land;false;plains;1
4633;176;237;223;land;true;desert;1
4634;222;244;199;land;false;hills;1
4635;247;218;104;land;false;forest;1
4636;185;231;166;land;false;hills;1
4637;151;191;162;land;false;plains;1
4638;195;193;122;land;false;hills;1
4639;154;236;241;land;false;plains;1
4640;203;96;251;land;false;hills;1
4641;211;88;243;land;true;plains;1
4642;251;111;206;land;false;hills;1
4643;218;120;189;land;false;plains;1
4644;107;212;191;land;true;plains;1
4645;152;187;191;land;false;plains;1
4646;226;232;52;land;true;forest;1
4647;247;239;28;land;false;plains;1
4648;67;240;236;land;false;forest;1
4649;135;227;218;land;true;plains;1
4650;224;204;156;land;true;plains;1
4651;223;242;126;land;false;mountain;1
4652;239;245;165;land;false;forest;1
4653;243;166;176;land;true;plains;1
4654;147;199;175;land;true;hills;1
4655;100;170;240;land;false;forest;1
4656;123;245;247;land;true;plains;1
4657;138;252;112;land;false;hills;1
4658;204;166;216;land;false;plains;1
4659;241;137;167;land;false;plains;1
4660;231;152;158;land;true;plains;1
4661;159;115;244;land;false;plains;1
4662;122;167;222;land;false;hills;1
4663;217;176;145;land;false;mountain;1
4664;205;165;162;land;false;plains;1
4665;210;135;157;land;false;plains;1
4666;133;235;168;land;true;hills;1
4667;125;159;217;land;false;plains;1
4668;157;233;144;land;false;forest;1
4669;78;251;240;land;false;hills;1
4670;178;80;254;land;false;jungle;1
4671;167;212;134;land;false;desert;1
4672;209;175;225;land;false;plains;1
4673;220;202;79;land;false;plains;1
4674;211;178;183;land;false;forest;1
4675;86;236;245;land;true;plains;1
4676;95;220;196;land;false;desert;1
4677;108;210;219;land;true;plains;1
4678;244;226;243;land;false;jungle;1
4679;207;108;231;land;false;plains;1
4680;207;231;225;land;false;mountain;1
4681;191;239;189;land;false;desert;1
4682;216;70;234;land;true;plains;1
4683;149;216;144;land;false;forest;1
4684;231;216;145;land;false;plains;1
4685;250;199;147;land;false;desert;1
4686;222;210;228;land;false;desert;1
4687;236;207;228;land;true;plains;1
4688;197;224;178;land;false;forest;1
4689;124;187;210;land;false;forest;1
4690;18;231;252;land;true;plains;1
4691;251;131;149;land;false;plains;1
4692;242;205;113;land;true;plains;1
4693;175;183;200;land;false;desert;1
4694;180;233;100;land;false;hills;1
4695;133;252;248;land;false;mountain;1
4696;186;226;185;land;false;forest;1
4697;245;158;135;land;false;forest;1
4698;174;245;202;land;false;forest;1
4699;229;191;151;land;false;mountain;1
4700;191;153;231;land;true;plains;1
4701;178;150;240;land;false;plains;1
4702;186;158;197;land;false;forest;1
4703;162;189;156;land;true;plains;1
4704;221;174;246;land;true;plains;1
4705;251;237;21;land;false;forest;1
4706;233;84;222;land;false;plains;1
4707;180;250;219;land;true;plains;1
4708;107;253;155;land;true;plains;1
4709;241;254;240;land;true;plains;1
4710;189;122;241;land;true;plains;1
4711;139;206;245;land;false;hills;1
4712;251;232;34;land;true;plains;1
4713;220;173;153;land;false;plains;1
4714;57;212;241;land;true;plains;1
4715;203;145;158;land;true;plains;1
4716;87;220;249;land;false;forest;1
4717;120;247;149;land;true;plains;1
4718;221;208;106;land;false;plains;1
4719;126;232;216;land;false;jungle;1
4720;136;245;173;land;false;forest;1
4721;228;197;227;land;false;forest;1
4722;187;171;209;land;false;hills;1
4723;145;239;162;land;false;plains;1
4724;247;203;141;land;false;plains;1
4725;163;254;174;land;false;plains;1
4726;190;227;140;land;false;mountain;1
4727;221;177;145;land;true;plains;1
4728;166;168;241;land;true;plains;1
4729;120;238;202;land;false;forest;1
4730;220;228;131;land;false;plains;1
4731;140;233;204;land;false;hills;1
4732;158;206;209;land;false;forest;1
4733;119;252;142;land;true;plains;1
4734;133;166;232;land;true;hills;1
4735;246;158;205;land;true;plains;1
4736;84;247;202;land;false;plains;1
4737;137;229;206;land;false;forest;1
4738;234;57;226;land;true;forest;1
4739;230;212;169;land;false;desert;1
4740;134;154;228;land;false;forest;1
4741;217;216;97;land;false;plains;1
4742;172;190;193;land;true;forest;1
4743;224;49;235;land;false;forest;1
4744;184;157;214;land;true;mountain;1
4745;228;198;122;land;false;hills;1
4746;208;200;184;land;true;plains;1
4747;232;204;242;land;true;plains;1
4748;207;100;253;land;false;forest;1
4749;204;141;210;land;true;plains;1
4750;209;238;206;land;false;plains;1
4751;254;154;219;land;false;mountain;1
4752;225;233;174;land;false;mountain;1
4753;142;211;220;land;false;plains;1
4754;254;156;211;land;false;desert;1
4755;103;185;249;land;true;plains;1
4756;186;229;118;land;false;plains;1
4757;200;146;231;land;false;forest;1
4758;171;164;246;land;true;plains;1
4759;171;173;200;land;false;plains;1
4760;191;239;83;land;false;marsh;1
4761;254;220;215;land;false;forest;1
4762;153;247;140;land;false;forest;1
4763;254;222;217;land;false;plains;1
4764;227;130;236;land;false;mountain;1
4765;176;171;188;land;false;forest;1
4766;169;199;254;land;false;forest;1
4767;113;229;245;land;true;plains;1
4768;165;178;227;land;true;plains;1
4769;247;73;201;land;true;plains;1
4770;243;162;225;land;true;plains;1
4771;224;103;181;land;false;plains;1
4772;173;141;193;land;true;plains;1
4773;217;159;185;land;true;plains;1
4774;233;206;99;land;false;hills;1
4775;223;237;153;land;false;hills;1
4776;240;125;151;land;false;mountain;1
4777;231;254;194;land;false;forest;1
4778;218;166;138;land;false;plains;1
4779;223;128;221;land;false;hills;1
4780;241;223;71;land;true;plains;1
4781;236;223;58;land;true;plains;1
4782;222;78;248;land;false;plains;1
4783;254;224;234;land;true;plains;1
4784;118;247;141;land;false;plains;1
4785;206;237;129;land;false;forest;1
4786;233;239;226;land;false;plains;1
4787;222;225;166;land;false;plains;1
4788;245;143;157;land;true;plains;1
4789;227;217;235;land;true;plains;1
4790;254;245;45;land;false;plains;1
4791;206;156;238;land;false;forest;1
4792;230;200;139;land;false;plains;1
4793;86;228;205;land;false;plains;1
4794;153;237;222;land;false;mountain;1
4795;228;126;167;land;false;plains;1
4796;213;107;199;land;true;plains;1
4797;174;196;159;land;false;plains;1
4798;223;187;197;land;false;plains;1
4799;56;248;252;land;false;forest;1
4800;181;216;240;land;true;forest;1
4801;236;207;109;land;false;plains;1
4802;237;233;42;land;true;desert;1
4803;130;228;196;land;false;hills;1
4804;245;242;125;land;false;plains;1
4805;184;110;223;land;true;plains;1
4806;250;240;102;land;false;plains;1
4807;131;142;236;land;true;plains;1
4808;236;241;159;land;true;desert;1
4809;74;232;249;land;false;mountain;1
4810;174;194;178;land;false;hills;1
4811;55;247;229;land;false;hills;1
4812;234;83;251;land;true;plains;1
4813;252;213;207;land;true;plains;1
4814;208;141;249;land;false;plains;1
4815;240;225;117;land;false;plains;1
4816;118;239;215;land;false;forest;1
4817;251;146;249;land;true;plains;1
4818;187;254;214;land;true;plains;1
4819;207;226;73;land;true;plains;1
4820;136;229;227;land;false;forest;1
4821;250;137;185;land;true;plains;1
4822;173;207;210;land;true;plains;1
4823;219;181;112;land;true;desert;1
4824;200;162;247;land;true;plains;1
4825;194;159;165;land;false;plains;1
4826;139;163;243;land;false;plains;1
4827;158;144;213;land;false;desert;1
4828;205;120;233;land;true;desert;1
4829;146;208;191;land;false;forest;1
4830;61;227;231;land;false;forest;1
4831;168;92;249;land;true;plains;1
4832;165;251;143;land;true;plains;1
4833;243;185;114;land;false;forest;1
4834;244;126;159;land;true;forest;1
4835;135;212;208;land;false;plains;1
4836;253;48;243;land;false;hills;1
4837;147;210;198;land;false;plains;1
4838;124;201;244;land;true;plains;1
4839;183;205;238;land;false;hills;1
4840;225;253;72;land;false;forest;1
4841;83;215;224;land;false;forest;1
4842;121;214;187;land;false;forest;1
4843;214;248;207;land;false;plains;1
4844;226;203;76;land;false;plains;1
4845;241;214;103;land;false;desert;1
4846;245;226;36;land;true;plains;1
4847;215;187;166;land;false;jungle;1
4848;177;224;128;land;true;plains;1
4849;230;136;236;land;false;plains;1
4850;223;168;151;land;true;plains;1
4851;186;239;212;land;false;hills;1
4852;253;185;75;land;true;plains;1
4853;154;138;246;land;false;forest;1
4854;80;205;245;land;true;plains;1
4855;174;203;170;land;false;forest;1
4856;199;250;64;land;false;plains;1
4857;213;226;98;land;false;hills;1
4858;210;247;114;land;false;plains;1
4859;250;240;153;land;true;plains;1
4860;183;246;128;land;false;desert;1
4861;185;239;167;land;false;hills;1
4862;200;214;111;land;false;plains;1
4863;135;200;196;land;true;plains;1
4864;160;251;241;land;false;plains;1
4865;211;156;222;land;false;plains;1
4866;163;243;216;land;false;marsh;1
4867;175;217;120;land;true;plains;1
4868;201;248;224;land;false;plains;1
4869;208;206;209;land;false;plains;1
4870;188;151;179;land;false;mountain;1
4871;199;128;236;land;false;plains;1
4872;133;215;244;land;false;mountain;1
4873;227;117;231;land;false;desert;1
4874;247;253;54;land;true;desert;1
4875;204;147;202;land;true;plains;1
4876;167;179;218;land;false;forest;1
4877;251;90;166;land;false;mountain;1
4878;216;109;245;land;false;forest;1
4879;170;203;147;land;false;hills;1
4880;222;195;103;land;false;plains;1
4881;69;244;244;land;false;plains;1
4882;251;164;136;land;false;hills;1
4883;147;223;146;land;false;forest;1
4884;166;234;119;land;false;plains;1
4885;182;217;115;land;false;plains;1
4886;253;208;111;land;true;plains;1
4887;107;235;215;land;false;hills;1
4888;152;224;205;land;false;hills;1
4889;229;122;158;land;true;plains;1
4890;197;236;125;land;false;hills;1
4891;178;197;133;land;false;plains;1
4892;100;222;209;land;false;mountain;1
4893;231;147;224;land;false;desert;1
4894;157;215;216;land;false;forest;1
4895;239;202;233;land;true;plains;1
4896;213;77;231;land;false;hills;1
4897;248;244;60;land;false;plains;1
4898;224;251;38;land;false;mountain;1
4899;142;225;147;land;true;desert;1
4900;60;250;247;land;false;plains;1
4901;241;216;118;land;false;jungle;1
4902;206;252;162;land;true;plains;1
4903;242;152;155;land;false;hills;1
4904;175;194;254;land;false;desert;1
4905;117;178;219;land;false;jungle;1
4906;77;252;245;land;false;hills;1
4907;113;225;196;land;false;plains;1
4908;229;251;157;land;false;hills;1
4909;160;110;250;land;false;plains;1
4910;193;138;200;land;false;jungle;1
4911;46;209;248;land;true;plains;1
4912;243;250;17;land;true;plains;1
4913;202;229;158;land;false;hills;1
4914;247;240;130;land;false;plains;1
4915;118;235;165;land;false;plains;1
4916;86;180;244;land;false;desert;1
4917;111;202;204;land;false;plains;1
4918;243;179;104;land;false;hills;1
4919;111;184;222;land;false;plains;1
4920;240;214;187;land;false;forest;1
4921;189;223;173;land;true;plains;1
4922;230;208;243;land;false;plains;1
4923;216;79;226;land;false;desert;1
4924;180;100;250;land;true;plains;1
4925;189;210;143;land;false;desert;1
4926;221;181;179;land;true;plains;1
4927;234;124;173;land;true;plains;1
4928;156;158;216;land;false;plains;1
4929;100;235;184;land;true;plains;1
4930;150;184;191;land;false;mountain;1
4931;202;180;135;land;true;plains;1
4932;215;188;123;land;true;plains;1
4933;198;241;228;land;true;plains;1
4934;251;16;248;land;true;plains;1
4935;203;121;211;land;true;plains;1
4936;173;243;116;land;true;plains;1
4937;163;223;224;land;true;plains;1
4938;115;230;176;land;true;plains;1
4939;162;236;236;land;true;plains;1
4940;225;250;58;land;true;plains;1
4941;189;234;106;land;true;plains;1
4942;159;198;145;land;true;plains;1
4943;84;235;192;land;true;plains;1
4944;152;186;231;land;true;plains;1
4945;224;231;195;land;true;plains;1
4946;199;205;233;land;true;plains;1
4947;224;113;250;land;true;plains;1
4948;176;132;235;land;true;plains;1
4949;219;239;240;land;true;plains;1
4950;127;200;208;land;true;plains;1
4951;146;243;247;land;true;plains;1
4952;208;169;187;land;true;plains;1
4953;247;179;209;land;true;plains;1
4954;132;221;237;land;true;plains;1
4955;250;252;67;land;true;plains;1
4956;238;78;215;land;true;plains;1
4957;99;177;234;land;true;plains;1
4958;112;253;239;land;true;plains;1
4959;208;148;238;land;true;plains;1
4960;247;189;216;land;false;forest;1
4961;170;148;202;land;true;plains;1
4962;194;214;253;land;true;plains;1
4963;208;171;196;land;false;forest;1
4964;234;196;167;land;true;plains;1
4965;160;182;160;land;true;plains;1
4966;205;230;94;land;true;plains;1
4967;180;155;249;land;true;plains;1
4968;229;195;101;land;false;hills;1
4969;223;179;217;land;true;plains;1
4970;246;203;168;land;true;plains;1
4971;136;246;132;land;false;hills;1
4972;185;93;243;land;true;plains;1
4973;243;76;208;land;false;forest;1
4974;127;153;231;land;false;hills;1
4975;239;112;254;land;true;hills;1
4976;234;212;110;land;false;mountain;1
4977;248;168;207;land;true;plains;1
4978;96;209;233;land;false;hills;1
4979;251;237;106;land;false;forest;1
4980;201;185;164;land;true;plains;1
4981;87;212;237;land;true;plains;1
4982;217;119;182;land;true;plains;1
4983;77;254;185;land;true;plains;1
4984;210;130;190;land;true;plains;1
4985;237;55;245;land;true;hills;1
4986;226;52;224;land;true;hills;1
4987;156;253;93;land;true;hills;1
4988;225;162;126;land;true;hills;1
4989;132;243;157;land;true;plains;1
4990;134;237;147;land;false;plains;1
4991;196;148;224;land;false;forest;1
4992;129;245;236;land;false;forest;1
4993;243;210;201;land;true;plains;1
4994;226;191;119;land;false;hills;1
4995;117;210;194;land;false;mountain;1
4996;135;201;240;land;false;forest;1
4997;105;211;251;land;true;plains;1
4998;237;187;237;land;true;plains;1
4999;229;98;238;land;true;plains;1
5000;230;214;223;land;true;plains;1
5001;254;162;213;land;false;hills;1
5002;185;176;144;land;false;plains;1
5003;132;244;228;land;false;forest;1
5004;85;230;207;land;false;hills;1
5005;169;210;254;land;false;forest;1
5006;162;152;197;land;true;hills;1
5007;148;254;173;land;true;plains;1
5008;147;226;229;land;true;plains;1
5009;204;238;242;land;false;forest;1
5010;229;174;218;land;false;hills;1
5011;225;187;208;land;false;hills;1
5012;246;94;247;land;false;hills;1
5013;91;228;210;land;true;plains;1
5014;220;205;208;land;false;plains;1
5015;222;188;173;land;false;forest;1
5016;181;139;244;land;false;hills;1
5017;237;173;199;land;false;mountain;1
5018;211;237;129;land;false;hills;1
5019;242;67;254;land;false;plains;1
5020;227;195;206;land;false;plains;1
5021;217;118;217;land;false;forest;1
5022;211;243;97;land;true;plains;1
5023;192;212;235;land;true;plains;1
5024;247;238;35;land;false;forest;1
5025;139;203;176;land;false;forest;1
5026;219;175;166;land;true;plains;1
5027;251;194;139;land;false;mountain;1
5028;166;181;207;land;false;hills;1
5029;250;235;88;land;false;forest;1
5030;87;252;208;land;false;plains;1
5031;135;143;239;land;false;plains;1
5032;196;241;102;land;true;forest;1
5033;174;202;142;land;false;forest;1
5034;125;200;238;land;false;mountain;1
5035;181;110;238;land;true;plains;1
5036;86;225;191;land;true;plains;1
5037;127;199;226;land;true;forest;1
5038;182;215;130;land;false;hills;1
5039;195;109;244;land;false;plains;1
5040;230;233;161;land;false;plains;1
5041;211;174;215;land;false;hills;1
5042;190;244;106;land;false;hills;1
5043;140;139;252;land;false;forest;1
5044;173;160;223;land;false;hills;1
5045;160;213;191;land;false;hills;1
5046;134;185;190;land;true;plains;1
5047;197;183;156;land;false;hills;1
5048;201;207;219;land;false;forest;1
5049;165;228;199;land;false;forest;1
5050;91;226;227;land;false;forest;1
5051;115;188;228;land;false;hills;1
5052;168;250;179;land;false;plains;1
5053;115;201;236;land;false;plains;1
5054;233;239;161;land;false;forest;1
5055;213;226;117;land;false;plains;1
5056;172;209;245;land;false;hills;1
5057;241;228;191;land;false;plains;1
5058;254;170;139;land;false;forest;1
5059;235;27;247;land;false;hills;1
5060;204;86;224;land;false;forest;1
5061;165;250;175;land;false;forest;1
5062;136;227;223;land;false;forest;1
5063;194;157;237;land;false;plains;1
5064;170;184;157;land;false;forest;1
5065;238;112;232;land;false;plains;1
5066;221;159;237;land;false;hills;1
5067;235;74;240;land;true;plains;1
5068;227;227;90;land;false;forest;1
5069;234;63;243;land;false;hills;1
5070;220;192;92;land;false;plains;1
5071;105;182;224;land;false;hills;1
5072;237;199;119;land;false;mountain;1
5073;232;121;148;land;false;forest;1
5074;253;235;96;land;false;hills;1
5075;215;198;224;land;false;forest;1
5076;202;244;212;land;false;forest;1
5077;235;149;236;land;false;mountain;1
5078;149;249;154;land;true;hills;1
5079;180;231;106;land;false;hills;1
5080;190;231;106;land;false;mountain;1
5081;252;163;200;land;false;forest;1
5082;254;117;181;land;false;hills;1
5083;203;219;90;land;false;plains;1
5084;143;207;168;land;false;plains;1
5085;163;213;203;land;true;plains;1
5086;247;147;202;land;false;plains;1
5087;218;214;181;land;false;forest;1
5088;230;203;80;land;false;plains;1
5089;174;222;169;land;false;mountain;1
5090;244;95;245;land;false;hills;1
5091;252;233;165;land;false;forest;1
5092;216;144;141;land;false;hills;1
5093;226;184;194;land;false;plains;1
5094;162;219;148;land;false;plains;1
5095;205;238;141;land;false;hills;1
5096;189;193;150;land;true;plains;1
5097;205;190;194;land;false;plains;1
5098;252;116;167;land;false;plains;1
5099;206;123;192;land;false;plains;1
5100;193;243;131;land;false;forest;1
5101;198;134;182;land;false;mountain;1
5102;186;235;116;land;false;mountain;1
5103;151;185;209;land;false;hills;1
5104;238;156;183;land;false;plains;1
5105;176;165;185;land;false;plains;1
5106;104;228;218;land;true;plains;1
5107;228;210;93;land;false;forest;1
5108;197;120;198;land;false;mountain;1
5109;171;189;156;land;false;forest;1
5110;173;247;230;land;false;plains;1
5111;85;252;249;land;false;hills;1
5112;95;181;251;land;true;plains;1
5113;225;213;131;land;false;forest;1
5114;228;133;182;land;false;hills;1
5115;165;160;203;land;false;plains;1
5116;243;180;110;land;false;forest;1
5117;218;222;186;land;true;plains;1
5118;227;194;243;land;false;mountain;1
5119;174;193;209;land;false;hills;1
5120;172;222;112;land;true;plains;1
5121;239;197;251;land;false;forest;1
5122;202;73;240;land;false;forest;1
5123;245;248;86;land;true;plains;1
5124;246;238;224;land;false;hills;1
5125;122;223;189;land;false;hills;1
5126;127;234;185;land;false;plains;1
5127;250;149;145;land;false;hills;1
5128;254;113;174;land;true;plains;1
5129;189;228;171;land;false;plains;1
5130;176;182;206;land;false;hills;1
5131;212;87;204;land;false;mountain;1
5132;81;248;190;land;false;forest;1
5133;225;252;215;land;false;mountain;1
5134;196;249;89;land;false;plains;1
5135;227;168;235;land;false;hills;1
5136;241;109;225;land;false;mountain;1
5137;250;143;163;land;false;plains;1
5138;139;211;226;land;false;hills;1
5139;254;245;216;land;false;forest;1
5140;134;203;212;land;false;hills;1
5141;210;136;186;land;false;hills;1
5142;172;246;219;land;false;forest;1
5143;244;227;190;land;false;plains;1
5144;116;246;222;land;false;forest;1
5145;136;153;245;land;true;plains;1
5146;112;183;228;land;false;hills;1
5147;210;198;170;land;true;plains;1
5148;139;254;177;land;false;hills;1
5149;203;228;124;land;false;plains;1
5150;196;226;232;land;true;plains;1
5151;222;135;217;land;false;plains;1
5152;204;159;196;land;true;forest;1
5153;245;137;195;land;false;plains;1
5154;209;253;118;land;false;hills;1
5155;232;138;157;land;true;plains;1
5156;206;62;233;land;false;forest;1
5157;198;183;208;land;false;hills;1
5158;195;247;195;land;false;plains;1
5159;237;199;92;land;false;plains;1
5160;225;226;114;land;false;plains;1
5161;207;247;218;land;false;forest;1
5162;224;189;114;land;false;plains;1
5163;182;184;179;land;false;plains;1
5164;210;113;196;land;false;plains;1
5165;221;169;205;land;true;plains;1
5166;54;253;222;land;false;hills;1
5167;249;175;126;land;true;plains;1
5168;213;172;179;land;false;plains;1
5169;117;219;217;land;false;forest;1
5170;96;212;197;land;false;plains;1
5171;248;206;251;land;false;plains;1
5172;236;167;222;land;false;hills;1
5173;254;185;205;land;false;plains;1
5174;230;212;248;land;true;plains;1
5175;181;135;234;land;false;plains;1
5176;191;142;175;land;false;plains;1
5177;226;225;94;land;true;plains;1
5178;247;120;171;land;false;forest;1
5179;187;249;152;land;true;plains;1
5180;184;137;184;land;false;plains;1
5181;191;227;158;land;true;plains;1
5182;127;206;216;land;false;forest;1
5183;134;243;125;land;true;plains;1
5184;205;223;148;land;false;hills;1
5185;158;229;176;land;false;plains;1
5186;151;205;160;land;false;forest;1
5187;177;237;110;land;false;forest;1
5188;245;143;158;land;false;plains;1
5189;225;188;165;land;false;plains;1
5190;234;210;112;land;false;hills;1
5191;140;158;211;land;false;plains;1
5192;137;191;245;land;false;hills;1
5193;240;228;91;land;false;hills;1
5194;238;126;157;land;false;hills;1
5195;207;227;98;land;false;mountain;1
5196;215;167;248;land;false;hills;1
5197;144;230;245;land;false;hills;1
5198;120;173;216;land;false;plains;1
5199;242;249;154;land;false;plains;1
5200;157;193;209;land;false;plains;1
5201;240;222;59;land;false;hills;1
5202;123;150;251;land;false;plains;1
5203;222;240;52;land;false;forest;1
5204;229;119;249;land;true;plains;1
5205;123;195;229;land;false;plains;1
5206;246;132;145;land;false;plains;1
5207;204;168;161;land;false;mountain;1
5208;211;213;91;land;false;forest;1
5209;132;216;163;land;true;plains;1
5210;177;213;201;land;false;plains;1
5211;133;245;160;land;false;plains;1
5212;254;241;208;land;false;plains;1
5213;243;229;81;land;false;mountain;1
5214;204;219;203;land;false;plains;1
5215;211;182;176;land;true;plains;1
5216;90;218;201;land;false;plains;1
5217;183;151;187;land;false;forest;1
5218;232;235;35;land;true;plains;1
5219;233;168;239;land;false;forest;1
5220;110;164;233;land;false;plains;1
5221;252;99;186;land;false;plains;1
5222;42;244;231;land;false;hills;1
5223;196;186;119;land;false;plains;1
5224;97;233;212;land;false;hills;1
5225;128;232;226;land;true;plains;1
5226;242;245;20;land;false;forest;1
5227;241;167;196;land;false;plains;1
5228;195;191;211;land;false;plains;1
5229;188;127;244;land;false;mountain;1
5230;203;149;231;land;true;plains;1
5231;130;247;133;land;false;plains;1
5232;230;237;34;land;false;plains;1
5233;151;223;158;land;false;plains;1
5234;165;249;252;land;false;plains;1
5235;251;150;177;land;false;plains;1
5236;192;68;254;land;true;plains;1
5237;179;177;206;land;false;mountain;1
5238;252;233;136;land;false;hills;1
5239;254;123;182;land;false;mountain;1
5240;241;150;114;land;false;plains;1
5241;238;216;214;land;false;mountain;1
5242;222;216;147;land;false;plains;1
5243;170;148;205;land;true;plains;1
5244;152;180;214;land;false;plains;1
5245;241;80;198;land;false;plains;1
5246;190;109;210;land;true;plains;1
5247;127;232;179;land;false;plains;1
5248;203;224;150;land;false;plains;1
5249;227;212;141;land;true;plains;1
5250;230;160;137;land;false;plains;1
5251;247;56;204;land;false;hills;1
5252;231;61;226;land;false;hills;1
5253;127;192;184;land;false;plains;1
5254;213;248;177;land;false;mountain;1
5255;240;198;231;land;false;plains;1
5256;195;244;167;land;false;plains;1
5257;193;229;245;land;false;plains;1
5258;251;108;237;land;false;plains;1
5259;95;221;236;land;true;plains;1
5260;253;157;212;land;false;hills;1
5261;246;77;182;land;false;plains;1
5262;240;95;230;land;false;plains;1
5263;118;248;195;land;false;hills;1
5264;186;199;173;land;false;forest;1
5265;239;81;201;land;false;forest;1
5266;97;202;215;land;false;plains;1
5267;103;207;226;land;false;plains;1
5268;240;118;155;land;false;hills;1
5269;216;234;229;land;false;plains;1
5270;233;166;190;land;false;mountain;1
5271;210;218;203;land;false;mountain;1
5272;139;199;203;land;false;forest;1
5273;182;93;228;land;false;forest;1
5274;172;246;149;land;true;plains;1
5275;202;156;165;land;true;plains;1
5276;212;160;203;land;false;mountain;1
5277;254;242;148;land;true;plains;1
5278;238;190;152;land;false;hills;1
5279;126;222;231;land;false;plains;1
5280;178;190;227;land;false;plains;1
5281;201;201;138;land;false;plains;1
5282;238;211;63;land;true;plains;1
5283;199;224;231;land;false;forest;1
5284;168;115;245;land;false;plains;1
5285;52;226;253;land;false;plains;1
5286;222;156;127;land;true;plains;1
5287;206;201;207;land;false;mountain;1
5288;219;174;198;land;false;plains;1
5289;217;168;153;land;false;plains;1
5290;151;168;248;land;false;forest;1
5291;132;156;216;land;false;forest;1
5292;174;231;117;land;false;plains;1
5293;217;138;187;land;false;plains;1
5294;175;224;196;land;false;hills;1
5295;228;182;134;land;false;plains;1
5296;246;95;205;land;false;plains;1
5297;158;187;232;land;false;plains;1
5298;254;42;211;land;false;plains;1
5299;73;224;228;land;false;plains;1
5300;247;248;179;land;false;mountain;1
5301;142;158;231;land;false;hills;1
5302;213;148;182;land;true;plains;1
5303;181;98;235;land;false;forest;1
5304;200;159;172;land;false;plains;1
5305;239;198;78;land;false;plains;1
5306;160;175;171;land;false;plains;1
5307;250;197;147;land;false;plains;1
5308;241;236;57;land;true;plains;1
5309;182;242;170;land;false;plains;1
5310;114;245;154;land;false;plains;1
5311;174;236;137;land;false;hills;1
5312;236;140;189;land;false;mountain;1
5313;117;214;206;land;false;forest;1
5314;188;193;167;land;false;plains;1
5315;123;248;168;land;false;forest;1
5316;204;212;170;land;false;plains;1
5317;186;244;118;land;false;hills;1
5318;218;251;202;land;false;plains;1
5319;251;189;157;land;true;plains;1
5320;209;153;216;land;false;plains;1
5321;116;239;161;land;false;plains;1
5322;167;231;183;land;false;mountain;1
5323;233;126;243;land;false;mountain;1
5324;241;179;234;land;false;plains;1
5325;240;205;64;land;false;hills;1
5326;96;237;229;land;false;hills;1
5327;194;247;164;land;false;hills;1
5328;103;213;215;land;false;plains;1
5329;147;248;143;land;false;hills;1
5330;117;234;176;land;false;plains;1
5331;159;237;116;land;false;plains;1
5332;102;222;247;land;true;plains;1
5333;244;247;184;land;false;hills;1
5334;253;242;223;land;false;forest;1
5335;188;233;195;land;false;plains;1
5336;207;224;115;land;false;hills;1
5337;244;254;39;land;false;hills;1
5338;236;233;40;land;false;forest;1
5339;167;124;219;land;false;plains;1
5340;207;215;122;land;false;plains;1
5341;228;254;248;land;false;mountain;1
5342;152;241;224;land;false;hills;1
5343;166;165;196;land;false;plains;1
5344;221;151;191;land;false;mountain;1
5345;102;244;217;land;false;hills;1
5346;229;206;94;land;false;plains;1
5347;206;219;106;land;true;plains;1
5348;215;156;198;land;true;plains;1
5349;214;88;212;land;false;forest;1
5350;154;138;236;land;false;plains;1
5351;86;210;250;land;false;hills;1
5352;202;227;157;land;false;plains;1
5353;227;174;106;land;true;plains;1
5354;124;254;241;land;true;plains;1
5355;223;125;219;land;false;mountain;1
5356;166;165;236;land;false;plains;1
5357;128;188;234;land;false;plains;1
5358;149;239;222;land;false;plains;1
5359;201;228;168;land;false;mountain;1
5360;187;70;250;land;false;mountain;1
5361;227;162;196;land;false;mountain;1
5362;114;174;225;land;false;mountain;1
5363;180;202;138;land;false;plains;1
5364;231;218;125;land;false;plains;1
5365;241;128;160;land;true;plains;1
5366;193;148;247;land;false;plains;1
5367;161;234;227;land;false;forest;1
5368;175;90;247;land;false;plains;1
5369;231;172;160;land;false;forest;1
5370;254;236;238;land;false;plains;1
5371;146;199;171;land;true;plains;1
5372;240;132;200;land;false;plains;1
5373;134;180;187;land;false;plains;1
5374;176;194;174;land;false;plains;1
5375;127;235;220;land;false;hills;1
5376;161;142;216;land;false;plains;1
5377;254;234;159;land;false;mountain;1
5378;223;213;147;land;false;plains;1
5379;141;239;145;land;false;plains;1
5380;192;228;198;land;false;plains;1
5381;249;203;198;land;true;plains;1
5382;228;210;135;land;false;plains;1
5383;237;115;248;land;true;plains;1
5384;163;207;203;land;false;plains;1
5385;250;143;138;land;false;plains;1
5386;219;126;185;land;false;hills;1
5387;199;246;199;land;false;hills;1
5388;218;141;238;land;true;plains;1
5389;96;243;190;land;false;plains;1
5390;106;251;206;land;false;forest;1
5391;50;253;202;land;false;forest;1
5392;164;114;224;land;false;mountain;1
5393;145;224;226;land;false;hills;1
5394;89;208;209;land;false;forest;1
5395;252;237;98;land;false;plains;1
5396;138;250;160;land;false;mountain;1
5397;85;231;246;land;false;plains;1
5398;246;121;160;land;true;plains;1
5399;150;218;190;land;true;plains;1
5400;233;161;220;land;false;plains;1
5401;189;177;178;land;false;plains;1
5402;209;211;211;land;false;plains;1
5403;159;240;230;land;false;plains;1
5404;146;210;215;land;false;plains;1
5405;41;225;252;land;false;hills;1
5406;218;52;234;land;true;plains;1
5407;137;254;235;land;false;plains;1
5408;164;133;234;land;false;hills;1
5409;140;212;157;land;false;plains;1
5410;234;167;109;land;false;forest;1
5411;232;243;43;land;true;plains;1
5412;129;238;197;land;false;forest;1
5413;215;103;190;land;false;hills;1
5414;156;182;237;land;false;plains;1
5415;153;191;164;land;true;plains;1
5416;179;189;190;land;false;plains;1
5417;250;212;243;land;false;forest;1
5418;67;243;216;land;true;plains;1
5419;154;221;233;land;false;plains;1
5420;252;172;198;land;false;plains;1
5421;253;199;97;land;true;plains;1
5422;244;165;236;land;false;plains;1
5423;96;243;207;land;false;plains;1
5424;152;211;210;land;false;mountain;1
5425;204;160;151;land;false;forest;1
5426;247;51;222;land;true;plains;1
5427;171;243;145;land;false;forest;1
5428;191;169;194;land;true;plains;1
5429;128;215;189;land;true;plains;1
5430;155;215;171;land;true;plains;1
5431;198;94;213;land;false;plains;1
5432;252;129;227;land;false;plains;1
5433;162;254;183;land;false;plains;1
5434;213;219;206;land;false;plains;1
5435;214;166;201;land;false;forest;1
5436;140;232;190;land;false;forest;1
5437;182;190;164;land;false;plains;1
5438;212;205;122;land;false;forest;1
5439;174;242;103;land;false;plains;1
5440;94;197;227;land;false;plains;1
5441;95;251;201;land;true;forest;1
5442;81;225;218;land;false;plains;1
5443;247;212;205;land;false;hills;1
5444;236;125;151;land;false;hills;1
5445;218;230;252;land;false;plains;1
5446;116;245;189;land;false;plains;1
5447;96;220;210;land;false;plains;1
5448;227;73;245;land;true;plains;1
5449;236;247;25;land;false;plains;1
5450;246;66;253;land;true;plains;1
5451;71;201;231;land;false;plains;1
5452;250;128;177;land;false;hills;1
5453;241;150;157;land;false;forest;1
5454;214;161;159;land;true;plains;1
5455;221;153;152;land;false;forest;1
5456;253;183;114;land;true;plains;1
5457;210;102;253;land;false;hills;1
5458;230;159;196;land;false;forest;1
5459;197;246;191;land;false;plains;1
5460;143;243;153;land;false;hills;1
5461;214;232;186;land;true;plains;1
5462;250;117;185;land;false;forest;1
5463;90;198;223;land;false;plains;1
5464;161;111;248;land;false;plains;1
5465;242;193;94;land;false;forest;1
5466;208;194;121;land;false;plains;1
5467;167;240;248;land;true;plains;1
5468;237;183;187;land;false;plains;1
5469;200;217;148;land;true;plains;1
5470;203;175;222;land;false;forest;1
5471;229;32;247;land;false;plains;1
5472;198;159;173;land;false;plains;1
5473;242;233;41;land;false;mountain;1
5474;245;73;221;land;false;plains;1
5475;210;188;123;land;false;plains;1
5476;212;139;254;land;true;plains;1
5477;142;126;239;land;false;forest;1
5478;101;247;195;land;false;plains;1
5479;106;220;239;land;true;plains;1
5480;214;224;96;land;false;plains;1
5481;160;128;226;land;true;plains;1
5482;225;240;227;land;true;plains;1
5483;181;223;230;land;false;plains;1
5484;236;222;173;land;true;plains;1
5485;212;130;252;land;true;plains;1
5486;244;75;240;land;false;forest;1
5487;236;246;130;land;true;plains;1
5488;101;233;215;land;false;plains;1
5489;207;216;207;land;false;mountain;1
5490;148;224;156;land;false;mountain;1
5491;204;173;148;land;true;plains;1
5492;117;173;224;land;false;hills;1
5493;159;215;139;land;true;plains;1
5494;194;114;233;land;false;plains;1
5495;206;131;205;land;false;forest;1
5496;163;225;134;land;true;plains;1
5497;170;233;230;land;true;plains;1
5498;229;217;182;land;true;plains;1
5499;203;227;95;land;false;plains;1
5500;228;137;214;land;true;plains;1
5501;157;215;221;land;true;plains;1
5502;194;213;143;land;false;plains;1
5503;156;183;230;land;false;plains;1
5504;254;203;100;land;true;plains;1
5505;248;208;48;land;false;hills;1
5506;110;230;232;land;false;forest;1
5507;208;175;219;land;false;plains;1
5508;204;214;154;land;true;plains;1
5509;189;250;225;land;false;plains;1
5510;223;225;223;land;true;plains;1
5511;215;215;202;land;false;plains;1
5512;168;221;141;land;false;plains;1
5513;229;118;189;land;true;plains;1
5514;253;236;243;land;true;plains;1
5515;171;227;150;land;true;plains;1
5516;136;170;199;land;true;plains;1
5517;224;141;137;land;false;forest;1
5518;190;235;100;land;false;hills;1
5519;247;131;170;land;false;hills;1
5520;193;124;228;land;false;plains;1
5521;224;170;212;land;true;forest;1
5522;162;137;253;land;false;plains;1
5523;178;242;142;land;false;plains;1
5524;135;231;159;land;true;plains;1
5525;123;241;230;land;true;plains;1
5526;205;153;246;land;false;plains;1
5527;149;233;178;land;false;plains;1
5528;151;230;145;land;true;plains;1
5529;202;80;246;land;false;forest;1
5530;198;214;209;land;true;plains;1
5531;240;179;147;land;false;hills;1
5532;110;215;198;land;false;plains;1
5533;236;117;161;land;true;plains;1
5534;209;182;136;land;false;hills;1
5535;76;235;208;land;false;forest;1
5536;166;205;225;land;false;plains;1
5537;237;197;162;land;false;plains;1
5538;116;231;189;land;true;plains;1
5539;240;77;222;land;true;plains;1
5540;194;126;201;land;false;plains;1
5541;112;242;180;land;false;forest;1
5542;162;155;245;land;true;plains;1
5543;238;223;246;land;false;hills;1
5544;143;253;207;land;false;plains;1
5545;225;222;183;land;false;plains;1
5546;215;161;210;land;false;forest;1
5547;118;241;214;land;false;forest;1
5548;233;238;36;land;false;plains;1
5549;58;244;219;land;false;mountain;1
5550;218;144;166;land;true;plains;1
5551;164;240;252;land;false;plains;1
5552;224;167;227;land;true;plains;1
5553;191;247;180;land;true;plains;1
5554;191;229;126;land;false;plains;1
5555;235;201;76;land;false;plains;1
5556;208;217;120;land;false;hills;1
5557;222;235;193;land;false;forest;1
5558;174;233;154;land;false;plains;1
5559;105;220;193;land;false;forest;1
5560;249;218;242;land;false;plains;1
5561;219;133;161;land;false;hills;1
5562;183;219;101;land;false;plains;1
5563;90;227;219;land;false;plains;1
5564;244;212;138;land;true;plains;1
5565;141;233;233;land;true;plains;1
5566;203;222;254;land;false;plains;1
5567;215;211;237;land;false;plains;1
5568;201;226;198;land;false;plains;1
5569;254;240;215;land;true;plains;1
5570;200;188;156;land;true;plains;1
5571;252;166;167;land;true;plains;1
5572;135;214;170;land;false;plains;1
5573;218;215;166;land;false;hills;1
5574;101;223;217;land;true;plains;1
5575;194;124;205;land;false;plains;1
5576;245;226;99;land;true;plains;1
5577;240;248;233;land;false;forest;1
5578;247;67;226;land;false;plains;1
5579;147;227;152;land;false;plains;1
5580;205;158;208;land;false;mountain;1
5581;252;155;219;land;true;plains;1
5582;234;199;143;land;true;plains;1
5583;130;254;129;land;false;mountain;1
5584;125;154;248;land;false;plains;1
5585;209;207;87;land;false;plains;1
5586;222;167;219;land;false;mountain;1
5587;157;206;219;land;false;forest;1
5588;250;197;216;land;false;mountain;1
5589;208;110;198;land;false;plains;1
5590;75;247;233;land;false;plains;1
5591;128;254;163;land;false;plains;1
5592;207;215;193;land;true;plains;1
5593;227;170;176;land;false;plains;1
5594;245;247;158;land;false;plains;1
5595;196;87;228;land;false;plains;1
5596;226;79;209;land;true;plains;1
5597;48;209;244;land;false;plains;1
5598;179;248;244;land;true;plains;1
5599;230;202;116;land;false;forest;1
5600;247;113;141;land;false;plains;1
5601;244;83;214;land;false;plains;1
5602;69;245;193;land;false;plains;1
5603;186;167;215;land;false;plains;1
5604;162;161;218;land;false;forest;1
5605;217;211;215;land;false;plains;1
5606;181;159;240;land;false;hills;1
5607;250;105;197;land;true;plains;1
5608;231;250;133;land;false;plains;1
5609;211;140;236;land;false;hills;1
5610;157;244;208;land;false;plains;1
5611;237;202;138;land;true;plains;1
5612;248;191;141;land;false;plains;1
5613;195;113;195;land;false;plains;1
5614;252;230;74;land;false;mountain;1
5615;246;248;99;land;false;mountain;1
5616;208;167;142;land;false;mountain;1
5617;160;201;186;land;false;plains;1
5618;169;239;212;land;false;plains;1
5619;182;141;191;land;true;plains;1
5620;211;236;162;land;false;plains;1
5621;250;207;154;land;false;plains;1
5622;254;229;150;land;false;plains;1
5623;108;236;234;land;false;plains;1
5624;229;249;169;land;false;plains;1
5625;121;204;194;land;false;forest;1
5626;213;245;126;land;true;plains;1
5627;233;231;63;land;true;plains;1
5628;84;206;246;land;true;plains;1
5629;186;188;136;land;false;forest;1
5630;135;223;192;land;false;plains;1
5631;222;247;99;land;false;plains;1
5632;139;244;249;land;false;plains;1
5633;230;113;219;land;true;plains;1
5634;134;122;252;land;false;forest;1
5635;250;190;106;land;false;hills;1
5636;172;254;168;land;false;plains;1
5637;232;214;234;land;false;hills;1
5638;152;171;187;land;true;plains;1
5639;48;249;235;land;false;mountain;1
5640;253;147;140;land;false;forest;1
5641;218;185;139;land;false;plains;1
5642;137;230;152;land;false;plains;1
5643;127;243;205;land;false;plains;1
5644;133;228;157;land;false;hills;1
5645;180;79;254;land;false;plains;1
5646;248;226;237;land;false;forest;1
5647;93;227;242;land;true;plains;1
5648;195;112;199;land;false;plains;1
5649;186;201;164;land;false;mountain;1
5650;136;148;240;land;false;forest;1
5651;239;154;144;land;false;plains;1
5652;31;237;233;land;true;desert;1
5653;230;216;107;land;true;plains;1
5654;111;250;180;land;false;forest;1
5655;184;205;176;land;false;plains;1
5656;188;141;176;land;true;plains;1
5657;228;184;227;land;true;plains;1
5658;123;252;159;land;true;plains;1
5659;209;124;171;land;false;hills;1
5660;218;181;206;land;false;forest;1
5661;238;240;160;land;false;hills;1
5662;207;135;206;land;true;plains;1
5663;171;207;129;land;true;desert;1
5664;75;222;241;land;false;forest;1
5665;224;124;211;land;false;forest;1
5666;185;100;248;land;false;forest;1
5667;226;212;103;land;false;plains;1
5668;232;173;126;land;false;hills;1
5669;208;206;130;land;false;mountain;1
5670;252;55;223;land;true;plains;1
5671;155;210;154;land;false;forest;1
5672;220;76;235;land;false;mountain;1
5673;224;239;203;land;false;forest;1
5674;136;228;215;land;false;plains;1
5675;209;156;156;land;false;forest;1
5676;227;159;248;land;false;forest;1
5677;188;169;202;land;false;plains;1
5678;138;224;179;land;false;plains;1
5679;172;167;221;land;true;plains;1
5680;173;242;215;land;false;plains;1
5681;242;222;64;land;false;plains;1
5682;84;203;249;land;false;forest;1
5683;127;194;254;land;false;plains;1
5684;118;170;251;land;true;plains;1
5685;248;105;181;land;true;plains;1
5686;233;139;187;land;true;desert;1
5687;227;224;208;land;true;plains;1
5688;248;221;125;land;false;plains;1
5689;136;123;244;land;false;forest;1
5690;99;196;250;land;false;forest;1
5691;153;234;159;land;true;plains;1
5692;242;30;235;land;false;forest;1
5693;151;239;120;land;false;plains;1
5694;109;203;224;land;false;plains;1
5695;174;195;229;land;false;plains;1
5696;198;243;149;land;false;plains;1
5697;209;142;159;land;false;plains;1
5698;138;140;237;land;false;hills;1
5699;103;210;205;land;true;plains;1
5700;212;242;181;land;false;forest;1
5701;96;240;177;land;false;forest;1
5702;233;135;133;land;false;forest;1
5703;167;242;191;land;false;plains;1
5704;179;140;225;land;false;plains;1
5705;195;214;147;land;false;plains;1
5706;185;252;191;land;false;plains;1
5707;202;229;251;land;false;plains;1
5708;214;127;217;land;true;plains;1
5709;113;226;174;land;false;forest;1
5710;82;202;231;land;false;plains;1
5711;166;157;182;land;true;plains;1
5712;198;190;143;land;false;forest;1
5713;171;163;179;land;false;forest;1
5714;234;200;170;land;false;hills;1
5715;128;141;234;land;false;forest;1
5716;254;85;211;land;false;plains;1
5717;225;207;162;land;false;forest;1
5718;198;237;192;land;false;forest;1
5719;99;248;155;land;false;plains;1
5720;154;248;179;land;false;forest;1
5721;116;219;210;land;false;forest;1
5722;254;239;185;land;false;plains;1
5723;163;198;144;land;false;plains;1
5724;213;167;231;land;false;plains;1
5725;98;191;239;land;false;plains;1
5726;138;161;252;land;false;plains;1
5727;218;250;117;land;false;forest;1
5728;215;195;114;land;false;plains;1
5729;216;175;165;land;true;plains;1
5730;209;205;171;land;false;plains;1
5731;231;145;234;land;false;plains;1
5732;235;100;179;land;false;plains;1
5733;249;211;154;land;false;plains;1
5734;118;193;210;land;true;plains;1
5735;251;248;85;land;true;plains;1
5736;232;138;138;land;false;plains;1
5737;222;148;164;land;false;forest;1
5738;213;237;131;land;false;plains;1
5739;75;231;239;land;true;plains;1
5740;254;54;203;land;false;plains;1
5741;253;189;73;land;true;plains;1
5742;253;191;226;land;true;plains;1
5743;235;86;236;land;true;plains;1
5744;194;172;230;land;false;plains;1
5745;73;237;220;land;true;plains;1
5746;212;241;119;land;false;plains;1
5747;217;233;180;land;true;plains;1
5748;232;174;216;land;false;plains;1
5749;247;243;73;land;false;forest;1
5750;185;222;232;land;false;plains;1
5751;148;181;177;land;false;plains;1
5752;220;207;252;land;false;forest;1
5753;138;175;193;land;true;plains;1
5754;249;199;244;land;false;plains;1
5755;159;226;204;land;false;plains;1
5756;113;254;184;land;false;hills;1
5757;112;185;233;land;true;plains;1
5758;191;191;132;land;false;forest;1
5759;226;149;216;land;true;plains;1
5760;65;240;232;land;true;plains;1
5761;216;204;114;land;true;plains;1
5762;190;228;254;land;true;plains;1
5763;126;184;212;land;true;plains;1
5764;51;247;228;land;false;plains;1
5765;167;214;228;land;false;forest;1
5766;216;225;84;land;true;plains;1
5767;214;106;223;land;false;forest;1
5768;193;172;229;land;false;plains;1
5769;254;146;218;land;true;plains;1
5770;199;119;227;land;true;plains;1
5771;152;137;218;land;true;plains;1
5772;209;218;74;land;false;plains;1
5773;226;246;190;land;false;plains;1
5774;48;204;254;land;false;plains;1
5775;189;249;154;land;false;plains;1
5776;234;173;252;land;false;plains;1
5777;237;126;251;land;true;plains;1
5778;140;210;240;land;false;plains;1
5779;241;63;208;land;false;forest;1
5780;207;201;237;land;false;plains;1
5781;186;224;162;land;false;forest;1
5782;214;205;124;land;false;plains;1
5783;105;190;252;land;false;forest;1
5784;241;227;56;land;false;forest;1
5785;181;239;190;land;true;plains;1
5786;190;254;64;land;false;plains;1
5787;206;208;138;land;false;forest;1
5788;108;228;165;land;false;forest;1
5789;215;122;253;land;true;plains;1
5790;142;149;213;land;false;plains;1
5791;148;207;250;land;true;plains;1
5792;61;225;219;land;false;plains;1
5793;243;250;46;land;false;plains;1
5794;221;238;182;land;false;forest;1
5795;253;212;63;land;false;forest;1
5796;200;167;183;land;false;plains;1
5797;213;129;192;land;true;plains;1
5798;182;114;221;land;false;forest;1
5799;253;241;213;land;false;plains;1
5800;178;155;227;land;false;forest;1
5801;65;234;212;land;true;plains;1
5802;203;151;249;land;false;plains;1
5803;217;204;169;land;false;plains;1
5804;254;192;124;land;false;plains;1
5805;234;145;135;land;true;plains;1
5806;174;186;190;land;false;plains;1
5807;248;166;201;land;true;plains;1
5808;245;223;35;land;false;forest;1
5809;165;124;228;land;false;plains;1
5810;247;184;165;land;false;forest;1
5811;207;228;109;land;true;plains;1
5812;133;242;163;land;false;desert;1
5813;246;159;144;land;false;plains;1
5814;241;146;241;land;false;plains;1
5815;224;237;221;land;false;forest;1
5816;197;163;236;land;false;forest;1
5817;180;166;243;land;true;plains;1
5818;181;138;242;land;true;plains;1
5819;219;202;181;land;true;plains;1
5820;167;233;121;land;true;plains;1
5821;220;236;168;land;true;plains;1
5822;201;188;253;land;false;forest;1
5823;108;191;229;land;false;forest;1
5824;154;240;172;land;false;plains;1
5825;174;152;184;land;true;plains;1
5826;155;247;132;land;false;forest;1
5827;219;245;49;land;false;desert;1
5828;206;177;191;land;false;forest;1
5829;95;215;202;land;true;plains;1
5830;141;188;207;land;false;plains;1
5831;161;194;206;land;false;forest;1
5832;116;147;251;land;false;forest;1
5833;238;102;215;land;false;plains;1
5834;171;201;146;land;false;forest;1
5835;143;155;227;land;false;forest;1
5836;229;178;150;land;false;plains;1
5837;236;244;65;land;true;hills;1
5838;214;212;145;land;false;plains;1
5839;224;224;60;land;true;plains;1
5840;239;210;168;land;true;plains;1
5841;180;162;187;land;false;plains;1
5842;81;209;239;land;false;forest;1
5843;244;177;230;land;false;plains;1
5844;169;244;122;land;false;plains;1
5845;247;137;228;land;false;plains;1
5846;223;207;125;land;true;plains;1
5847;209;114;189;land;false;plains;1
5848;237;222;230;land;false;forest;1
5849;195;211;199;land;false;hills;1
5850;224;222;70;land;false;plains;1
5851;130;157;239;land;false;plains;1
5852;232;199;145;land;false;plains;1
5853;173;197;236;land;true;plains;1
5854;168;192;238;land;false;plains;1
5855;176;194;150;land;false;forest;1
5856;227;164;122;land;false;plains;1
5857;240;82;237;land;false;plains;1
5858;220;149;169;land;false;forest;1
5859;178;221;114;land;false;plains;1
5860;228;239;215;land;false;plains;1
5861;252;198;105;land;false;desert;1
5862;156;251;198;land;false;desert;1
5863;109;245;240;land;false;forest;1
5864;212;165;129;land;true;plains;1
5865;226;207;246;land;false;plains;1
5866;71;223;237;land;false;plains;1
5867;209;251;52;land;false;desert;1
5868;192;212;150;land;false;forest;1
5869;190;227;86;land;false;plains;1
5870;190;248;75;land;true;plains;1
5871;231;115;168;land;false;plains;1
5872;221;135;151;land;true;plains;1
5873;163;252;208;land;true;plains;1
5874;215;35;253;land;false;plains;1
5875;157;190;230;land;false;plains;1
5876;72;246;192;land;false;forest;1
5877;240;183;226;land;false;forest;1
5878;121;239;240;land;true;forest;1
5879;235;196;78;land;false;forest;1
5880;245;105;206;land;false;plains;1
5881;188;247;165;land;false;forest;1
5882;210;155;172;land;false;forest;1
5883;231;240;246;land;true;plains;1
5884;183;153;234;land;false;desert;1
5885;161;204;252;land;false;desert;1
5886;161;231;224;land;false;forest;1
5887;204;253;129;land;false;forest;1
5888;247;120;150;land;false;forest;1
5889;145;241;251;land;false;plains;1
5890;154;241;147;land;false;forest;1
5891;140;216;169;land;false;mountain;1
5892;243;177;204;land;false;forest;1
5893;212;134;247;land;true;desert;1
5894;236;225;190;land;false;plains;1
5895;244;155;138;land;false;plains;1
5896;147;170;253;land;true;plains;1
5897;194;234;208;land;false;plains;1
5898;199;254;101;land;false;plains;1
5899;226;243;155;land;false;forest;1
5900;220;234;79;land;false;forest;1
5901;140;233;216;land;false;plains;1
5902;220;186;252;land;false;desert;1
5903;113;176;220;land;true;plains;1
5904;220;241;131;land;false;forest;1
5905;211;212;118;land;false;desert;1
5906;114;190;220;land;false;desert;1
5907;252;219;202;land;false;desert;1
5908;212;213;236;land;false;plains;1
5909;124;230;245;land;false;plains;1
5910;182;165;163;land;false;forest;1
5911;186;230;166;land;false;plains;1
5912;191;173;137;land;false;plains;1
5913;98;252;198;land;false;plains;1
5914;184;228;194;land;false;forest;1
5915;189;93;224;land;false;desert;1
5916;59;221;230;land;false;desert;1
5917;216;189;140;land;false;plains;1
5918;216;219;153;land;false;plains;1
5919;165;238;242;land;false;forest;1
5920;88;235;187;land;true;plains;1
5921;232;169;236;land;false;plains;1
5922;189;200;139;land;true;plains;1
5923;173;121;244;land;true;plains;1
5924;245;230;166;land;false;plains;1
5925;206;161;253;land;true;desert;1
5926;247;174;252;land;false;plains;1
5927;192;125;189;land;false;plains;1
5928;223;150;178;land;false;hills;1
5929;60;239;236;land;false;forest;1
5930;244;226;104;land;false;hills;1
5931;134;217;217;land;false;forest;1
5932;243;174;251;land;false;plains;1
5933;207;183;226;land;false;desert;1
5934;253;211;64;land;false;plains;1
5935;196;210;120;land;false;marsh;1
5936;240;59;237;land;true;plains;1
5937;195;203;214;land;true;plains;1
5938;248;222;53;land;false;plains;1
5939;207;218;138;land;true;plains;1
5940;180;240;142;land;false;forest;1
5941;194;170;218;land;true;plains;1
5942;248;115;178;land;false;forest;1
5943;224;219;146;land;false;forest;1
5944;182;246;207;land;false;plains;1
5945;153;162;242;land;false;forest;1
5946;221;192;138;land;false;plains;1
5947;231;111;165;land;false;desert;1
5948;117;231;227;land;false;plains;1
5949;230;229;216;land;false;plains;1
5950;238;205;227;land;false;plains;1
5951;228;184;200;land;false;plains;1
5952;199;154;229;land;true;plains;1
5953;152;216;197;land;false;hills;1
5954;202;215;223;land;true;plains;1
5955;253;236;150;land;true;plains;1
5956;76;250;233;land;false;forest;1
5957;205;90;243;land;false;plains;1
5958;252;217;174;land;false;forest;1
5959;186;203;181;land;true;plains;1
5960;246;188;72;land;false;forest;1
5961;130;250;201;land;false;plains;1
5962;246;158;233;land;false;forest;1
5963;166;241;146;land;true;plains;1
5964;246;193;126;land;false;plains;1
5965;245;218;45;land;false;forest;1
5966;130;188;191;land;false;forest;1
5967;204;119;201;land;false;plains;1
5968;243;172;189;land;false;plains;1
5969;193;118;231;land;false;mountain;1
5970;55;252;208;land;true;plains;1
5971;182;155;249;land;false;desert;1
5972;80;248;198;land;false;desert;1
5973;189;236;224;land;false;desert;1
5974;100;233;188;land;false;plains;1
5975;222;230;183;land;true;plains;1
5976;213;249;142;land;false;plains;1
5977;200;168;216;land;false;forest;1
5978;192;229;81;land;false;hills;1
5979;115;205;209;land;true;plains;1
5980;197;132;239;land;false;forest;1
5981;147;149;248;land;false;forest;1
5982;249;127;248;land;false;forest;1
5983;224;164;220;land;true;plains;1
5984;161;223;226;land;false;plains;1
5985;217;220;184;land;false;plains;1
5986;103;209;231;land;true;plains;1
5987;246;105;214;land;false;plains;1
5988;215;231;58;land;false;plains;1
5989;68;189;252;land;false;plains;1
5990;69;243;231;land;false;plains;1
5991;138;213;194;land;true;plains;1
5992;209;182;110;land;false;plains;1
5993;203;189;199;land;false;plains;1
5994;217;166;163;land;false;desert;1
5995;150;136;250;land;false;plains;1
5996;40;237;228;land;true;plains;1
5997;243;104;189;land;true;plains;1
5998;146;165;203;land;false;plains;1
5999;169;202;191;land;false;plains;1
6000;239;174;213;land;true;plains;1
6001;170;153;224;land;true;plains;1
6002;199;142;198;land;true;plains;1
6003;253;135;139;land;false;forest;1
6004;194;156;242;land;false;plains;1
6005;54;240;224;land;false;plains;1
6006;133;196;200;land;false;plains;1
6007;216;181;141;land;false;hills;1
6008;226;186;225;land;false;forest;1
6009;250;218;113;land;false;desert;1
6010;170;240;212;land;true;plains;1
6011;209;105;216;land;false;plains;1
6012;152;144;236;land;true;plains;1
6013;243;80;183;land;false;plains;1
6014;235;120;226;land;false;forest;1
6015;141;251;126;land;true;plains;1
6016;191;227;200;land;true;plains;1
6017;78;201;254;land;true;plains;1
6018;198;236;250;land;false;forest;1
6019;99;157;251;land;false;plains;1
6020;155;231;137;land;true;plains;1
6021;151;224;228;land;true;plains;1
6022;195;191;183;land;false;plains;1
6023;232;181;137;land;false;forest;1
6024;254;43;242;land;false;plains;1
6025;243;245;242;land;false;plains;1
6026;217;229;188;land;false;plains;1
6027;222;197;120;land;false;forest;1
6028;233;127;202;land;false;desert;1
6029;179;216;221;land;false;plains;1
6030;168;193;234;land;false;plains;1
6031;240;124;232;land;true;plains;1
6032;174;211;180;land;false;forest;1
6033;178;99;228;land;false;desert;1
6034;196;211;222;land;false;hills;1
6035;210;59;237;land;false;desert;1
6036;90;250;247;land;true;plains;1
6037;196;166;176;land;false;hills;1
6038;77;243;182;land;false;hills;1
6039;101;245;162;land;false;mountain;1
6040;205;74;244;land;true;plains;1
6041;248;229;207;land;true;plains;1
6042;214;215;186;land;true;plains;1
6043;178;124;204;land;false;plains;1
6044;247;105;155;land;false;plains;1
6045;244;135;156;land;false;plains;1
6046;232;206;180;land;false;mountain;1
6047;159;153;252;land;true;plains;1
6048;228;124;160;land;false;forest;1
6049;152;198;239;land;true;plains;1
6050;207;157;208;land;false;forest;1
6051;223;206;214;land;false;hills;1
6052;213;226;177;land;false;forest;1
6053;107;146;254;land;true;plains;1
6054;220;125;159;land;false;forest;1
6055;238;242;142;land;false;hills;1
6056;248;162;211;land;false;plains;1
6057;117;217;203;land;true;plains;1
6058;239;250;221;land;false;plains;1
6059;185;201;229;land;false;plains;1
6060;157;176;181;land;false;forest;1
6061;136;194;246;land;true;plains;1
6062;235;236;205;land;false;plains;1
6063;189;250;184;land;false;plains;1
6064;186;229;160;land;false;desert;1
6065;225;162;138;land;false;plains;1
6066;250;251;218;land;false;forest;1
6067;171;102;253;land;false;hills;1
6068;198;147;173;land;false;plains;1
6069;245;107;215;land;false;plains;1
6070;229;208;240;land;false;forest;1
6071;220;155;252;land;false;plains;1
6072;157;223;153;land;false;forest;1
6073;181;131;231;land;false;hills;1
6074;225;138;222;land;false;desert;1
6075;209;66;226;land;false;plains;1
6076;198;143;174;land;false;desert;1
6077;227;94;195;land;false;plains;1
6078;246;169;168;land;true;plains;1
6079;178;206;212;land;false;desert;1
6080;171;159;205;land;false;plains;1
6081;247;182;121;land;false;forest;1
6082;247;137;244;land;false;plains;1
6083;209;217;83;land;false;plains;1
6084;135;174;206;land;true;plains;1
6085;126;238;206;land;false;plains;1
6086;126;224;186;land;false;mountain;1
6087;239;207;128;land;true;plains;1
6088;230;222;145;land;true;plains;1
6089;237;196;211;land;false;desert;1
6090;166;157;246;land;false;plains;1
6091;237;253;33;land;true;plains;1
6092;130;198;175;land;false;plains;1
6093;209;189;225;land;false;plains;1
6094;141;242;127;land;false;plains;1
6095;141;143;247;land;true;plains;1
6096;225;138;245;land;false;plains;1
6097;101;200;212;land;false;forest;1
6098;135;252;243;land;false;desert;1
6099;166;127;249;land;false;plains;1
6100;195;170;155;land;false;forest;1
6101;177;175;214;land;false;plains;1
6102;132;239;191;land;true;plains;1
6103;221;87;215;land;false;hills;1
6104;210;180;192;land;false;mountain;1
6105;162;225;198;land;false;plains;1
6106;247;136;242;land;false;forest;1
6107;204;91;209;land;false;hills;1
6108;189;193;219;land;false;desert;1
6109;245;186;125;land;true;plains;1
6110;105;165;235;land;true;plains;1
6111;114;165;233;land;false;plains;1
6112;186;238;227;land;false;mountain;1
6113;193;247;190;land;true;forest;1
6114;172;89;251;land;false;desert;1
6115;211;165;151;land;true;plains;1
6116;219;156;224;land;false;desert;1
6117;183;187;180;land;false;desert;1
6118;236;147;209;land;false;plains;1
6119;235;154;215;land;true;plains;1
6120;136;243;252;land;false;mountain;1
6121;228;212;221;land;false;plains;1
6122;250;95;224;land;false;plains;1
6123;184;202;176;land;false;plains;1
6124;254;211;237;land;false;mountain;1
6125;159;244;244;land;false;desert;1
6126;252;168;106;land;true;plains;1
6127;141;251;189;land;true;plains;1
6128;245;211;48;land;false;plains;1
6129;184;190;181;land;false;desert;1
6130;174;181;201;land;true;plains;1
6131;232;248;69;land;true;plains;1
6132;158;236;174;land;false;plains;1
6133;250;158;203;land;true;plains;1
6134;88;241;190;land;false;hills;1
6135;55;242;251;land;false;plains;1
6136;243;212;218;land;false;forest;1
6137;223;223;199;land;true;plains;1
6138;188;172;217;land;true;plains;1
6139;112;253;159;land;true;plains;1
6140;125;253;240;land;false;hills;1
6141;199;224;83;land;false;plains;1
6142;249;244;92;land;false;desert;1
6143;188;209;189;land;true;plains;1
6144;251;217;198;land;false;plains;1
6145;244;154;124;land;false;hills;1
6146;191;253;136;land;false;plains;1
6147;56;253;241;land;false;plains;1
6148;251;230;87;land;false;hills;1
6149;254;179;165;land;false;plains;1
6150;180;226;154;land;false;hills;1
6151;224;223;217;land;false;forest;1
6152;197;202;200;land;false;hills;1
6153;252;182;143;land;false;plains;1
6154;199;211;203;land;false;plains;1
6155;192;136;196;land;false;plains;1
6156;191;249;94;land;false;plains;1
6157;173;209;186;land;false;mountain;1
6158;248;155;127;land;false;mountain;1
6159;248;144;188;land;false;plains;1
6160;207;195;203;land;false;forest;1
6161;182;203;126;land;false;hills;1
6162;215;94;239;land;true;plains;1
6163;160;236;153;land;true;plains;1
6164;242;19;244;land;false;hills;1
6165;133;252;240;land;false;mountain;1
6166;216;163;254;land;false;hills;1
6167;162;206;252;land;false;plains;1
6168;109;225;184;land;true;plains;1
6169;234;235;44;land;false;desert;1
6170;231;138;154;land;false;desert;1
6171;248;185;207;land;true;plains;1
6172;92;253;208;land;false;plains;1
6173;207;209;133;land;false;mountain;1
6174;122;210;189;land;false;forest;1
6175;171;213;241;land;false;desert;1
6176;166;151;208;land;false;plains;1
6177;163;140;222;land;false;plains;1
6178;233;121;201;land;false;plains;1
6179;172;246;121;land;false;desert;1
6180;118;250;223;land;false;desert;1
6181;146;228;190;land;true;plains;1
6182;156;233;169;land;true;plains;1
6183;250;99;156;land;false;plains;1
6184;254;206;231;land;false;hills;1
6185;230;230;109;land;true;plains;1
6186;234;147;138;land;true;plains;1
6187;223;200;161;land;true;plains;1
6188;242;30;249;land;true;plains;1
6189;248;126;238;land;false;desert;1
6190;240;182;200;land;true;plains;1
6191;174;235;250;land;false;hills;1
6192;141;238;165;land;false;forest;1
6193;109;244;175;land;false;desert;1
6194;243;241;43;land;false;desert;1
6195;166;236;141;land;true;plains;1
6196;124;218;254;land;false;mountain;1
6197;190;229;209;land;false;plains;1
6198;244;251;95;land;false;desert;1
6199;172;120;251;land;true;plains;1
6200;143;197;165;land;true;plains;1
6201;202;171;145;land;false;plains;1
6202;212;134;216;land;true;plains;1
6203;253;212;207;land;false;mountain;1
6204;174;214;123;land;false;plains;1
6205;212;251;138;land;false;desert;1
6206;213;214;98;land;false;plains;1
6207;205;244;164;land;false;plains;1
6208;70;245;238;land;true;plains;1
6209;230;224;178;land;false;forest;1
6210;250;191;93;land;true;plains;1
6211;116;218;185;land;true;plains;1
6212;140;185;247;land;true;plains;1
6213;241;233;61;land;false;plains;1
6214;247;173;138;land;false;forest;1
6215;227;211;180;land;false;plains;1
6216;189;172;209;land;true;plains;1
6217;239;152;169;land;false;forest;1
6218;209;132;247;land;false;desert;1
6219;186;230;148;land;true;plains;1
6220;143;139;244;land;false;plains;1
6221;228;212;220;land;false;plains;1
6222;226;193;171;land;false;desert;1
6223;156;227;220;land;false;desert;1
6224;218;191;214;land;true;plains;1
6225;238;214;193;land;false;hills;1
6226;223;197;252;land;false;plains;1
6227;105;184;224;land;false;plains;1
6228;243;250;71;land;true;plains;1
6229;174;167;164;land;false;desert;1
6230;163;184;231;land;true;plains;1
6231;125;200;233;land;false;desert;1
6232;52;251;199;land;false;mountain;1
6233;115;251;195;land;false;plains;1
6234;152;202;171;land;false;hills;1
6235;208;168;165;land;false;mountain;1
6236;253;85;212;land;false;desert;1
6237;168;178;241;land;true;desert;1
6238;140;207;209;land;false;desert;1
6239;210;143;160;land;true;plains;1
6240;207;185;133;land;false;plains;1
6241;154;247;166;land;false;plains;1
6242;210;127;187;land;false;mountain;1
6243;66;252;189;land;false;hills;1
6244;176;93;232;land;false;forest;1
6245;184;151;217;land;false;desert;1
6246;103;195;236;land;true;plains;1
6247;180;199;164;land;false;plains;1
6248;120;242;233;land;true;plains;1
6249;217;172;162;land;false;hills;1
6250;236;95;207;land;false;plains;1
6251;237;227;122;land;true;plains;1
6252;200;99;228;land;false;hills;1
6253;193;220;137;land;true;plains;1
6254;245;203;218;land;true;plains;1
6255;242;213;192;land;false;plains;1
6256;161;109;244;land;false;plains;1
6257;188;211;213;land;false;hills;1
6258;231;241;43;land;false;hills;1
6259;209;224;70;land;false;plains;1
6260;229;40;249;land;false;desert;1
6261;185;167;232;land;true;plains;1
6262;131;234;182;land;false;hills;1
6263;173;186;156;land;false;desert;1
6264;232;75;201;land;true;plains;1
6265;233;249;135;land;false;hills;1
6266;152;249;179;land;false;hills;1
6267;248;192;117;land;true;plains;1
6268;223;77;234;land;false;hills;1
6269;254;216;188;land;false;hills;1
6270;173;186;146;land;false;plains;1
6271;226;172;141;land;false;plains;1
6272;249;214;59;land;false;hills;1
6273;159;230;213;land;true;plains;1
6274;252;157;244;land;false;forest;1
6275;247;77;236;land;false;desert;1
6276;126;231;216;land;false;desert;1
6277;210;247;179;land;true;plains;1
6278;163;246;114;land;true;plains;1
6279;77;243;243;land;true;plains;1
6280;198;174;159;land;false;desert;1
6281;90;205;244;land;false;desert;1
6282;126;195;220;land;true;plains;1
6283;58;228;242;land;true;plains;1
6284;127;234;181;land;false;plains;1
6285;230;215;189;land;false;plains;1
6286;236;177;146;land;false;plains;1
6287;165;200;141;land;false;plains;1
6288;164;145;200;land;false;desert;1
6289;252;72;190;land;false;plains;1
6290;206;111;219;land;true;plains;1
6291;223;104;248;land;false;hills;1
6292;250;210;185;land;false;mountain;1
6293;81;241;184;land;false;desert;1
6294;254;133;152;land;false;desert;1
6295;133;217;173;land;true;plains;1
6296;233;188;133;land;false;plains;1
6297;222;208;219;land;false;plains;1
6298;215;167;122;land;false;hills;1
6299;105;200;217;land;false;desert;1
6300;74;201;234;land;false;hills;1
6301;176;132;241;land;true;plains;1
6302;184;157;249;land;false;plains;1
6303;107;218;237;land;false;plains;1
6304;229;206;188;land;true;plains;1
6305;218;150;231;land;false;desert;1
6306;104;190;213;land;false;desert;1
6307;231;169;233;land;true;plains;1
6308;187;221;162;land;true;plains;1
6309;188;235;160;land;false;hills;1
6310;193;108;215;land;false;mountain;1
6311;245;65;242;land;false;desert;1
6312;207;160;244;land;false;plains;1
6313;201;181;147;land;false;plains;1
6314;220;230;179;land;true;plains;1
6315;242;139;152;land;true;plains;1
6316;117;215;225;land;false;hills;1
6317;226;154;190;land;false;plains;1
6318;202;111;214;land;false;hills;1
6319;149;249;193;land;false;hills;1
6320;132;192;187;land;false;hills;1
6321;104;215;244;land;true;plains;1
6322;247;156;249;land;false;desert;1
6323;205;220;95;land;true;plains;1
6324;202;229;171;land;false;hills;1
6325;197;226;113;land;false;forest;1
6326;161;233;177;land;false;hills;1
6327;192;188;130;land;true;desert;1
6328;92;235;177;land;false;hills;1
6329;235;236;212;land;true;plains;1
6330;164;150;244;land;true;plains;1
6331;247;200;244;land;false;desert;1
6332;75;239;214;land;true;desert;1
6333;248;191;151;land;true;plains;1
6334;190;239;140;land;false;plains;1
6335;228;212;207;land;false;plains;1
6336;101;234;223;land;false;desert;1
6337;254;251;182;land;true;plains;1
6338;113;217;207;land;false;hills;1
6339;189;193;206;land;false;desert;1
6340;216;177;169;land;true;desert;1
6341;222;181;167;land;true;plains;1
6342;142;183;188;land;false;desert;1
6343;201;210;246;land;false;desert;1
6344;184;213;194;land;true;plains;1
6345;177;247;122;land;false;plains;1
6346;234;192;163;land;false;plains;1
6347;243;220;205;land;true;plains;1
6348;237;188;77;land;false;desert;1
6349;208;186;143;land;true;desert;1
6350;99;254;168;land;false;hills;1
6351;210;241;221;land;false;hills;1
6352;245;179;190;land;false;plains;1
6353;170;226;186;land;false;desert;1
6354;214;122;203;land;true;plains;1
6355;218;207;141;land;false;desert;1
6356;23;249;250;land;true;plains;1
6357;150;188;181;land;true;plains;1
6358;241;149;120;land;false;hills;1
6359;175;238;107;land;true;hills;1
6360;252;167;252;land;false;plains;1
6361;246;236;63;land;false;desert;1
6362;210;195;197;land;false;desert;1
6363;226;114;221;land;false;mountain;1
6364;251;220;120;land;false;hills;1
6365;126;161;215;land;false;forest;1
6366;164;138;253;land;true;plains;1
6367;215;252;60;land;false;plains;1
6368;230;151;177;land;false;plains;1
6369;185;136;185;land;false;hills;1
6370;204;232;76;land;false;hills;1
6371;248;58;252;land;true;plains;1
6372;163;234;148;land;false;mountain;1
6373;179;135;194;land;false;hills;1
6374;254;192;219;land;false;hills;1
6375;217;247;81;land;true;plains;1
6376;201;189;186;land;true;plains;1
6377;208;239;86;land;false;mountain;1
6378;240;109;163;land;false;plains;1
6379;161;101;240;land;true;desert;1
6380;216;120;226;land;false;desert;1
6381;214;249;81;land;false;desert;1
6382;63;254;243;land;true;plains;1
6383;169;177;206;land;true;plains;1
6384;172;214;196;land;true;plains;1
6385;206;216;87;land;false;desert;1
6386;227;238;245;land;false;mountain;1
6387;166;206;251;land;false;hills;1
6388;67;221;232;land;true;plains;1
6389;86;164;252;land;false;desert;1
6390;218;183;145;land;false;desert;1
6391;195;160;190;land;true;plains;1
6392;251;145;106;land;true;plains;1
6393;154;252;214;land;false;desert;1
6394;161;248;212;land;false;mountain;1
6395;249;239;179;land;false;mountain;1
6396;194;124;198;land;false;desert;1
6397;177;194;224;land;false;hills;1
6398;177;248;97;land;false;hills;1
6399;222;177;175;land;true;plains;1
6400;250;144;152;land;false;plains;1
6401;215;188;251;land;false;plains;1
6402;179;184;201;land;false;hills;1
6403;227;253;238;land;false;plains;1
6404;129;247;192;land;false;mountain;1
6405;249;137;153;land;false;desert;1
6406;118;242;250;land;false;desert;1
6407;208;237;128;land;true;plains;1
6408;93;236;229;land;false;desert;1
6409;232;39;232;land;false;hills;1
6410;245;116;175;land;true;plains;1
6411;125;221;239;land;false;desert;1
6412;149;154;200;land;true;plains;1
6413;217;174;163;land;false;hills;1
6414;235;215;193;land;true;plains;1
6415;246;45;239;land;false;hills;1
6416;136;218;168;land;false;plains;1
6417;190;175;210;land;false;mountain;1
6418;217;124;173;land;false;desert;1
6419;13;245;253;land;false;mountain;1
6420;210;237;141;land;false;hills;1
6421;201;190;164;land;false;mountain;1
6422;164;228;223;land;false;desert;1
6423;235;236;87;land;false;plains;1
6424;207;210;162;land;false;mountain;1
6425;254;237;160;land;false;hills;1
6426;181;111;222;land;false;desert;1
6427;212;81;253;land;false;marsh;1
6428;114;209;204;land;true;plains;1
6429;52;229;231;land;true;plains;1
6430;209;237;223;land;false;desert;1
6431;244;120;219;land;false;hills;1
6432;245;218;122;land;false;hills;1
6433;227;162;145;land;false;plains;1
6434;91;224;244;land;true;plains;1
6435;203;130;225;land;false;plains;1
6436;113;241;203;land;false;hills;1
6437;250;138;235;land;false;mountain;1
6438;183;245;220;land;false;mountain;1
6439;175;168;226;land;false;mountain;1
6440;226;104;189;land;false;desert;1
6441;61;248;226;land;true;plains;1
6442;208;162;143;land;true;plains;1
6443;247;254;169;land;true;plains;1
6444;196;253;52;land;false;desert;1
6445;224;177;173;land;false;plains;1
6446;220;227;127;land;true;plains;1
6447;233;245;228;land;true;plains;1
6448;247;249;64;land;false;desert;1
6449;249;251;29;land;true;plains;1
6450;170;173;206;land;false;desert;1
6451;177;154;189;land;true;desert;1
6452;84;251;166;land;true;plains;1
6453;64;218;235;land;false;mountain;1
6454;187;208;132;land;true;plains;1
6455;215;98;214;land;false;plains;1
6456;86;236;229;land;false;mountain;1
6457;249;224;163;land;true;plains;1
6458;204;251;89;land;false;marsh;1
6459;251;190;95;land;true;plains;1
6460;225;248;217;land;true;plains;1
6461;212;238;147;land;false;mountain;1
6462;175;207;150;land;true;plains;1
6463;238;220;43;land;true;plains;1
6464;182;243;211;land;true;hills;1
6465;202;221;203;land;false;mountain;1
6466;210;204;251;land;false;hills;1
6467;219;215;79;land;false;desert;1
6468;155;216;165;land;false;plains;1
6469;203;245;141;land;false;desert;1
6470;232;227;209;land;true;plains;1
6471;217;206;138;land;false;hills;1
6472;176;230;215;land;false;desert;1
6473;198;234;87;land;false;mountain;1
6474;254;169;107;land;false;hills;1
6475;242;171;223;land;false;desert;1
6476;151;176;194;land;true;plains;1
6477;52;225;228;land;false;desert;1
6478;216;214;168;land;false;plains;1
6479;232;250;89;land;false;hills;1
6480;68;243;233;land;false;desert;1
6481;157;171;207;land;false;desert;1
6482;254;77;254;land;true;marsh;1
6483;230;196;184;land;true;plains;1
6484;231;140;151;land;true;plains;1
6485;252;219;146;land;true;plains;1
6486;190;214;219;land;true;plains;1
6487;231;202;162;land;false;desert;1
6488;86;191;231;land;false;hills;1
6489;128;197;206;land;true;forest;1
6490;253;95;207;land;false;plains;1
6491;87;183;239;land;true;plains;1
6492;201;142;182;land;true;plains;1
6493;198;170;229;land;false;hills;1
6494;203;247;102;land;false;hills;1
6495;239;143;198;land;false;mountain;1
6496;210;181;209;land;true;plains;1
6497;239;192;156;land;false;marsh;1
6498;156;240;134;land;false;hills;1
6499;133;207;175;land;true;plains;1
6500;166;173;162;land;true;plains;1
6501;179;184;174;land;false;desert;1
6502;240;83;185;land;false;desert;1
6503;129;142;245;land;false;plains;1
6504;230;245;200;land;false;desert;1
6505;231;175;236;land;false;plains;1
6506;168;175;244;land;false;plains;1
6507;99;237;165;land;true;plains;1
6508;62;240;235;land;true;plains;1
6509;206;204;165;land;false;hills;1
6510;131;220;182;land;false;desert;1
6511;251;219;108;land;true;plains;1
6512;174;191;175;land;true;plains;1
6513;157;178;180;land;false;desert;1
6514;247;251;62;land;false;hills;1
6515;236;235;99;land;true;plains;1
6516;205;239;141;land;true;plains;1
6517;67;240;228;land;false;desert;1
6518;112;166;227;land;false;hills;1
6519;189;218;189;land;false;hills;1
6520;208;230;201;land;false;hills;1
6521;237;246;156;land;false;hills;1
6522;140;185;189;land;false;desert;1
6523;45;251;230;land;true;plains;1
6524;241;230;105;land;true;plains;1
6525;166;198;225;land;false;desert;1
6526;84;251;219;land;true;plains;1
6527;173;201;240;land;false;plains;1
6528;130;221;171;land;false;plains;1
6529;191;250;89;land;true;plains;1
6530;118;180;241;land;false;hills;1
6531;123;232;200;land;false;hills;1
6532;229;176;118;land;true;forest;1
6533;191;113;209;land;false;plains;1
6534;226;142;248;land;false;mountain;1
6535;138;214;212;land;false;hills;1
6536;109;203;235;land;true;plains;1
6537;116;145;242;land;false;desert;1
6538;191;209;124;land;false;desert;1
6539;242;148;173;land;true;plains;1
6540;192;235;187;land;true;plains;1
6541;254;120;233;land;false;plains;1
6542;167;245;126;land;true;plains;1
6543;183;209;181;land;true;plains;1
6544;182;172;154;land;false;hills;1
6545;245;94;194;land;false;plains;1
6546;215;239;129;land;false;mountain;1
6547;243;65;226;land;false;mountain;1
6548;86;248;207;land;false;hills;1
6549;133;179;207;land;false;desert;1
6550;231;239;52;land;true;plains;1
6551;254;144;141;land;false;plains;1
6552;198;245;205;land;false;forest;1
6553;246;231;62;land;true;plains;1
6554;196;181;224;land;true;plains;1
6555;196;148;195;land;false;plains;1
6556;163;214;166;land;false;desert;1
6557;146;167;204;land;false;hills;1
6558;162;232;183;land;false;plains;1
6559;189;210;201;land;false;plains;1
6560;208;169;238;land;false;hills;1
6561;178;231;211;land;false;hills;1
6562;170;235;149;land;true;jungle;1
6563;181;105;246;land;true;plains;1
6564;213;142;217;land;false;hills;1
6565;242;179;88;land;true;plains;1
6566;241;97;180;land;false;hills;1
6567;244;134;134;land;false;mountain;1
6568;119;158;250;land;true;plains;1
6569;150;140;247;land;true;mountain;1
6570;163;161;237;land;false;forest;1
6571;210;211;99;land;true;plains;1
6572;248;199;77;land;true;plains;1
6573;149;199;158;land;true;plains;1
6574;199;182;127;land;false;forest;1
6575;246;144;116;land;true;plains;1
6576;188;228;151;land;true;plains;1
6577;249;231;222;land;false;hills;1
6578;213;246;89;land;false;hills;1
6579;253;192;87;land;false;hills;1
6580;30;239;234;land;false;jungle;1
6581;207;178;187;land;false;desert;1
6582;221;129;240;land;true;plains;1
6583;250;163;217;land;false;jungle;1
6584;156;213;155;land;true;plains;1
6585;161;170;193;land;false;plains;1
6586;214;55;248;land;false;mountain;1
6587;237;126;161;land;false;forest;1
6588;161;213;246;land;false;forest;1
6589;198;191;141;land;true;plains;1
6590;177;166;225;land;true;plains;1
6591;184;200;144;land;false;plains;1
6592;123;189;213;land;false;plains;1
6593;86;187;249;land;true;plains;1
6594;221;211;210;land;false;hills;1
6595;247;199;193;land;false;hills;1
6596;201;103;218;land;false;forest;1
6597;208;168;201;land;false;forest;1
6598;218;129;243;land;false;forest;1
6599;194;193;254;land;false;jungle;1
6600;212;180;168;land;false;jungle;1
6601;246;115;192;land;true;plains;1
6602;245;182;254;land;false;forest;1
6603;240;222;72;land;false;hills;1
6604;223;205;152;land;false;hills;1
6605;203;217;148;land;true;plains;1
6606;238;179;187;land;false;hills;1
6607;218;154;241;land;false;mountain;1
6608;206;224;129;land;true;jungle;1
6609;119;250;176;land;false;plains;1
6610;242;253;48;land;false;mountain;1
6611;90;178;243;land;true;plains;1
6612;144;131;238;land;false;hills;1
6613;226;151;193;land;false;plains;1
6614;217;194;101;land;true;plains;1
6615;147;241;197;land;false;hills;1
6616;180;158;168;land;true;plains;1
6617;208;114;186;land;true;plains;1
6618;149;235;123;land;true;plains;1
6619;147;148;244;land;false;desert;1
6620;119;215;168;land;false;hills;1
6621;221;59;221;land;false;mountain;1
6622;156;240;143;land;false;forest;1
6623;182;127;225;land;true;plains;1
6624;238;165;212;land;false;jungle;1
6625;237;135;185;land;false;plains;1
6626;82;185;246;land;false;plains;1
6627;214;236;152;land;false;forest;1
6628;172;215;230;land;true;plains;1
6629;103;197;251;land;false;hills;1
6630;217;198;230;land;true;plains;1
6631;109;239;233;land;false;plains;1
6632;181;172;235;land;false;plains;1
6633;167;238;172;land;true;plains;1
6634;217;242;137;land;false;forest;1
6635;129;235;252;land;true;plains;1
6636;131;191;224;land;true;plains;1
6637;209;95;242;land;false;forest;1
6638;129;196;237;land;false;forest;1
6639;205;185;176;land;false;forest;1
6640;195;250;165;land;false;hills;1
6641;200;243;231;land;false;hills;1
6642;114;171;221;land;false;forest;1
6643;158;220;241;land;false;hills;1
6644;245;64;237;land;false;plains;1
6645;204;223;217;land;true;forest;1
6646;181;204;160;land;false;forest;1
6647;250;175;211;land;true;plains;1
6648;252;119;237;land;true;desert;1
6649;235;219;110;land;false;hills;1
6650;143;160;220;land;false;hills;1
6651;139;121;254;land;false;plains;1
6652;180;162;230;land;true;plains;1
6653;185;185;248;land;true;plains;1
6654;194;161;176;land;true;plains;1
6655;247;74;229;land;false;hills;1
6656;233;231;109;land;false;plains;1
6657;72;248;210;land;false;plains;1
6658;232;149;160;land;true;plains;1
6659;208;123;234;land;true;plains;1
6660;185;217;123;land;true;plains;1
6661;170;254;185;land;true;plains;1
6662;153;185;168;land;false;hills;1
6663;138;211;246;land;false;jungle;1
6664;245;216;192;land;true;plains;1
6665;192;147;237;land;false;desert;1
6666;241;132;228;land;true;plains;1
6667;251;197;82;land;false;forest;1
6668;188;234;102;land;true;plains;1
6669;170;237;114;land;false;plains;1
6670;250;205;68;land;false;hills;1
6671;213;119;248;land;false;plains;1
6672;113;169;232;land;false;jungle;1
6673;253;147;168;land;true;plains;1
6674;165;221;212;land;false;plains;1
6675;162;139;220;land;false;forest;1
6676;235;124;186;land;true;plains;1
6677;171;211;137;land;true;plains;1
6678;203;132;180;land;false;hills;1
6679;228;234;94;land;true;plains;1
6680;190;169;204;land;false;forest;1
6681;233;131;191;land;false;plains;1
6682;208;253;110;land;true;plains;1
6683;226;136;243;land;false;forest;1
6684;110;188;207;land;true;plains;1
6685;156;116;247;land;false;hills;1
6686;248;66;237;land;false;forest;1
6687;226;207;101;land;false;forest;1
6688;150;247;244;land;false;hills;1
6689;244;122;249;land;false;forest;1
6690;227;188;133;land;false;mountain;1
6691;183;153;239;land;false;plains;1
6692;220;228;125;land;true;plains;1
6693;243;48;216;land;true;plains;1
6694;216;204;149;land;false;plains;1
6695;155;233;176;land;false;forest;1
6696;210;67;250;land;false;mountain;1
6697;234;234;49;land;false;hills;1
6698;156;226;204;land;false;hills;1
6699;129;211;186;land;false;plains;1
6700;196;187;199;land;true;plains;1
6701;91;209;249;land;true;plains;1
6702;253;98;240;land;true;desert;1
6703;183;214;235;land;false;desert;1
6704;200;220;112;land;true;plains;1
6705;151;242;115;land;false;hills;1
6706;65;213;244;land;true;hills;1
6707;220;194;98;land;true;plains;1
6708;245;157;236;land;false;desert;1
6709;88;203;225;land;true;plains;1
6710;217;168;135;land;false;plains;1
6711;231;156;158;land;true;plains;1
6712;238;174;144;land;false;forest;1
6713;208;217;226;land;false;mountain;1
6714;127;192;214;land;false;hills;1
6715;170;226;239;land;true;plains;1
6716;250;106;164;land;true;plains;1
6717;198;209;117;land;false;hills;1
6718;236;229;188;land;false;plains;1
6719;175;194;180;land;false;plains;1
6720;253;254;192;land;false;forest;1
6721;170;241;223;land;false;forest;1
6722;142;251;199;land;false;hills;1
6723;175;211;134;land;false;forest;1
6724;143;224;218;land;false;jungle;1
6725;127;240;252;land;true;plains;1
6726;217;136;223;land;true;plains;1
6727;221;220;247;land;false;mountain;1
6728;212;171;219;land;true;plains;1
6729;139;245;130;land;true;plains;1
6730;235;141;232;land;false;hills;1
6731;189;198;198;land;false;plains;1
6732;209;217;240;land;true;plains;1
6733;214;155;219;land;false;forest;1
6734;69;230;211;land;false;plains;1
6735;165;230;188;land;true;plains;1
6736;117;212;190;land;true;plains;1
6737;161;173;253;land;false;plains;1
6738;221;114;188;land;false;forest;1
6739;223;116;176;land;true;plains;1
6740;220;251;36;land;false;hills;1
6741;224;224;94;land;false;plains;1
6742;207;222;158;land;false;forest;1
6743;191;172;204;land;true;plains;1
6744;215;218;251;land;false;forest;1
6745;234;124;157;land;false;forest;1
6746;219;102;185;land;false;hills;1
6747;252;90;221;land;true;plains;1
6748;241;240;160;land;false;hills;1
6749;234;155;137;land;false;plains;1
6750;222;223;145;land;true;plains;1
6751;245;252;146;land;false;hills;1
6752;234;234;236;land;false;plains;1
6753;244;194;162;land;false;forest;1
6754;226;227;144;land;false;forest;1
6755;134;242;181;land;false;forest;1
6756;216;218;248;land;false;hills;1
6757;121;229;226;land;false;forest;1
6758;248;111;228;land;false;forest;1
6759;241;232;53;land;true;forest;1
6760;184;219;161;land;true;plains;1
6761;179;204;231;land;false;plains;1
6762;236;116;171;land;true;plains;1
6763;232;198;152;land;false;plains;1
6764;185;153;239;land;true;plains;1
6765;198;159;214;land;true;plains;1
6766;239;148;141;land;false;desert;1
6767;122;190;192;land;false;hills;1
6768;251;229;211;land;false;forest;1
6769;173;151;224;land;true;plains;1
6770;207;253;99;land;false;plains;1
6771;164;128;252;land;false;marsh;1
6772;99;238;201;land;true;forest;1
6773;204;117;223;land;false;plains;1
6774;169;216;117;land;false;hills;1
6775;216;40;251;land;false;plains;1
6776;182;132;213;land;false;forest;1
6777;143;203;166;land;true;plains;1
6778;185;67;250;land;false;forest;1
6779;219;86;213;land;false;forest;1
6780;238;120;165;land;true;plains;1
6781;191;187;231;land;true;plains;1
6782;160;217;184;land;true;plains;1
6783;179;202;138;land;false;jungle;1
6784;198;210;100;land;true;plains;1
6785;246;223;222;land;true;plains;1
6786;227;253;220;land;false;plains;1
6787;253;202;77;land;false;forest;1
6788;85;245;190;land;true;plains;1
6789;137;164;237;land;false;forest;1
6790;105;241;181;land;false;hills;1
6791;237;64;221;land;false;plains;1
6792;154;182;238;land;true;plains;1
6793;247;139;215;land;true;plains;1
6794;147;253;206;land;false;forest;1
6795;188;179;203;land;false;hills;1
6796;247;41;249;land;true;plains;1
6797;226;80;205;land;false;plains;1
6798;219;219;224;land;false;forest;1
6799;191;243;191;land;true;plains;1
6800;212;216;217;land;false;plains;1
6801;202;211;173;land;true;plains;1
6802;182;168;245;land;false;forest;1
6803;24;252;232;land;false;plains;1
6804;223;181;108;land;false;forest;1
6805;223;184;102;land;false;forest;1
6806;195;174;242;land;false;forest;1
6807;195;155;250;land;true;plains;1
6808;242;197;191;land;true;plains;1
6809;136;235;153;land;false;plains;1
6810;224;109;195;land;true;plains;1
6811;192;136;254;land;false;forest;1
6812;227;243;150;land;false;desert;1
6813;136;227;188;land;false;forest;1
6814;176;133;219;land;false;plains;1
6815;187;217;172;land;true;plains;1
6816;234;162;122;land;false;plains;1
6817;206;235;247;land;false;forest;1
6818;167;179;226;land;true;forest;1
6819;180;233;120;land;false;forest;1
6820;169;149;183;land;true;plains;1
6821;229;180;133;land;false;plains;1
6822;187;196;202;land;false;marsh;1
6823;237;213;185;land;false;forest;1
6824;197;64;251;land;true;plains;1
6825;208;110;240;land;false;forest;1
6826;198;170;156;land;false;forest;1
6827;248;184;76;land;true;plains;1
6828;230;223;66;land;true;plains;1
6829;231;139;239;land;true;plains;1
6830;252;143;221;land;true;plains;1
6831;172;254;196;land;false;plains;1
6832;239;184;206;land;true;plains;1
6833;234;166;125;land;false;hills;1
6834;237;228;43;land;false;forest;1
6835;194;202;142;land;false;plains;1
6836;239;225;49;land;false;hills;1
6837;56;238;241;land;false;hills;1
6838;215;194;220;land;false;forest;1
6839;172;133;249;land;false;desert;1
6840;210;227;220;land;false;plains;1
6841;235;126;190;land;true;plains;1
6842;155;214;206;land;true;plains;1
6843;117;237;172;land;false;forest;1
6844;176;116;214;land;false;forest;1
6845;142;215;196;land;false;forest;1
6846;233;215;122;land;false;plains;1
6847;84;204;239;land;false;forest;1
6848;223;209;123;land;true;plains;1
6849;203;172;254;land;false;forest;1
6850;221;234;243;land;true;plains;1
6851;245;233;224;land;false;desert;1
6852;161;243;238;land;true;plains;1
6853;197;217;211;land;false;forest;1
6854;127;248;227;land;true;plains;1
6855;29;229;244;land;true;plains;1
6856;217;182;241;land;false;forest;1
6857;233;240;118;land;false;forest;1
6858;207;78;217;land;true;urban;1
6859;155;240;184;land;true;plains;1
6860;146;232;228;land;true;jungle;1
6861;233;97;196;land;false;jungle;1
6862;252;211;206;land;false;plains;1
6863;224;140;149;land;false;plains;1
6864;217;241;114;land;false;plains;1
6865;219;115;219;land;false;forest;1
6866;219;185;239;land;false;plains;1
6867;208;202;112;land;true;plains;1
6868;147;207;150;land;true;plains;1
6869;122;187;223;land;false;forest;1
6870;114;239;234;land;false;jungle;1
6871;240;208;169;land;true;plains;1
6872;224;227;208;land;false;forest;1
6873;236;151;188;land;true;plains;1
6874;231;65;228;land;false;plains;1
6875;96;188;221;land;false;plains;1
6876;224;213;166;land;false;desert;1
6877;216;251;55;land;true;plains;1
6878;218;138;234;land;false;forest;1
6879;210;169;191;land;false;forest;1
6880;128;151;223;land;false;forest;1
6881;180;235;109;land;false;plains;1
6882;181;248;151;land;true;plains;1
6883;40;222;247;land;true;plains;1
6884;158;252;109;land;true;plains;1
6885;203;216;172;land;true;plains;1
6886;209;233;196;land;false;forest;1
6887;198;202;219;land;false;jungle;1
6888;241;254;41;land;false;hills;1
6889;244;195;187;land;false;hills;1
6890;114;228;197;land;false;hills;1
6891;251;115;201;land;false;forest;1
6892;242;215;78;land;false;hills;1
6893;125;207;205;land;false;desert;1
6894;231;207;206;land;false;plains;1
6895;239;131;236;land;false;forest;1
6896;193;198;160;land;false;forest;1
6897;251;9;245;land;false;desert;1
6898;215;252;124;land;false;forest;1
6899;108;242;215;land;true;plains;1
6900;231;188;111;land;true;plains;1
6901;162;246;203;land;false;forest;1
6902;187;191;214;land;true;plains;1
6903;212;247;194;land;true;plains;1
6904;201;128;209;land;false;plains;1
6905;177;164;205;land;false;jungle;1
6906;205;173;127;land;false;forest;1
6907;214;150;155;land;false;forest;1
6908;242;191;208;land;false;forest;1
6909;230;124;236;land;true;plains;1
6910;158;130;214;land;false;plains;1
6911;162;189;186;land;false;plains;1
6912;250;210;46;land;false;hills;1
6913;147;251;158;land;false;forest;1
6914;227;155;191;land;true;plains;1
6915;152;205;241;land;false;plains;1
6916;252;175;165;land;false;jungle;1
6917;209;204;143;land;true;plains;1
6918;228;245;196;land;false;plains;1
6919;224;100;186;land;false;forest;1
6920;243;49;209;land;false;hills;1
6921;253;184;211;land;false;plains;1
6922;174;203;197;land;false;forest;1
6923;211;252;130;land;false;forest;1
6924;240;229;210;land;false;plains;1
6925;134;180;191;land;true;plains;1
6926;216;196;225;land;false;forest;1
6927;106;213;228;land;true;hills;1
6928;221;230;94;land;false;hills;1
6929;214;193;248;land;false;forest;1
6930;167;214;168;land;false;desert;1
6931;243;246;108;land;false;plains;1
6932;186;167;187;land;false;forest;1
6933;222;212;170;land;false;plains;1
6934;238;253;112;land;false;plains;1
6935;243;176;239;land;false;hills;1
6936;208;171;139;land;false;hills;1
6937;230;188;208;land;false;plains;1
6938;213;196;229;land;true;plains;1
6939;172;179;158;land;false;jungle;1
6940;116;180;227;land;false;hills;1
6941;201;213;210;land;false;plains;1
6942;242;141;130;land;false;plains;1
6943;178;209;171;land;false;plains;1
6944;207;208;178;land;false;plains;1
6945;203;179;121;land;true;plains;1
6946;231;219;162;land;false;plains;1
6947;249;73;185;land;false;jungle;1
6948;254;213;137;land;false;forest;1
6949;224;222;197;land;true;hills;1
6950;195;230;89;land;false;plains;1
6951;185;241;254;land;true;plains;1
6952;174;240;164;land;false;plains;1
6953;179;254;144;land;false;forest;1
6954;129;233;166;land;false;plains;1
6955;229;227;218;land;false;jungle;1
6956;178;167;218;land;true;plains;1
6957;150;226;216;land;true;plains;1
6958;253;197;87;land;false;plains;1
6959;132;203;244;land;false;plains;1
6960;111;243;197;land;false;plains;1
6961;178;176;167;land;false;plains;1
6962;50;237;239;land;true;plains;1
6963;242;148;149;land;true;plains;1
6964;253;230;209;land;true;forest;1
6965;200;169;225;land;false;plains;1
6966;245;248;214;land;false;mountain;1
6967;233;236;121;land;false;forest;1
6968;244;177;125;land;false;forest;1
6969;205;237;116;land;true;plains;1
6970;182;187;169;land;true;plains;1
6971;154;146;210;land;false;plains;1
6972;153;187;181;land;false;plains;1
6973;201;190;128;land;false;hills;1
6974;123;135;247;land;true;forest;1
6975;247;121;180;land;true;plains;1
6976;160;221;157;land;true;plains;1
6977;16;248;240;land;true;plains;1
6978;192;137;173;land;true;plains;1
6979;230;73;241;land;false;forest;1
6980;162;170;217;land;false;forest;1
6981;235;243;216;land;false;forest;1
6982;170;216;137;land;true;plains;1
6983;229;251;188;land;true;plains;1
6984;66;204;236;land;true;plains;1
6985;176;240;133;land;true;plains;1
6986;246;76;247;land;false;mountain;1
6987;246;72;243;land;false;mountain;1
6988;135;217;203;land;false;forest;1
6989;165;117;222;land;false;jungle;1
6990;197;215;101;land;false;hills;1
6991;173;244;171;land;false;forest;1
6992;191;244;118;land;false;plains;1
6993;253;189;201;land;false;forest;1
6994;190;212;208;land;false;jungle;1
6995;161;130;235;land;true;plains;1
6996;246;54;219;land;true;plains;1
6997;209;125;193;land;false;forest;1
6998;98;248;216;land;true;plains;1
6999;184;192;152;land;true;plains;1
7000;201;213;185;land;false;plains;1
7001;192;195;170;land;true;plains;1
7002;229;249;109;land;false;plains;1
7003;148;251;148;land;true;plains;1
7004;244;174;240;land;true;plains;1
7005;253;185;195;land;false;forest;1
7006;230;244;128;land;false;jungle;1
7007;133;206;213;land;false;jungle;1
7008;167;250;109;land;false;plains;1
7009;252;152;171;land;false;hills;1
7010;220;227;224;land;true;plains;1
7011;207;218;123;land;true;plains;1
7012;200;209;253;land;true;plains;1
7013;252;231;38;land;false;plains;1
7014;147;248;238;land;true;plains;1
7015;168;144;237;land;true;plains;1
7016;211;228;156;land;false;forest;1
7017;166;230;145;land;true;plains;1
7018;203;97;217;land;false;plains;1
7019;237;173;153;land;false;plains;1
7020;209;200;102;land;true;plains;1
7021;249;34;220;land;false;plains;1
7022;197;224;104;land;false;hills;1
7023;156;244;193;land;false;plains;1
7024;153;187;253;land;false;hills;1
7025;247;230;123;land;true;plains;1
7026;238;201;144;land;false;forest;1
7027;209;111;246;land;true;plains;1
7028;227;250;161;land;false;forest;1
7029;104;219;230;land;true;plains;1
7030;118;222;218;land;false;forest;1
7031;211;226;213;land;false;plains;1
7032;174;170;238;land;false;forest;1
7033;183;142;217;land;false;jungle;1
7034;200;192;237;land;false;forest;1
7035;151;125;242;land;true;plains;1
7036;234;158;194;land;true;plains;1
7037;233;204;186;land;true;plains;1
7038;187;233;147;land;false;forest;1
7039;221;78;227;land;false;forest;1
7040;183;235;161;land;false;plains;1
7041;160;246;166;land;true;plains;1
7042;238;158;249;land;true;plains;1
7043;176;222;134;land;false;forest;1
7044;129;251;249;land;true;plains;1
7045;214;130;176;land;true;plains;1
7046;253;162;137;land;false;forest;1
7047;240;219;153;land;false;plains;1
7048;184;152;243;land;true;plains;1
7049;115;244;238;land;false;mountain;1
7050;183;169;152;land;false;jungle;1
7051;187;169;188;land;true;jungle;1
7052;234;222;125;land;false;plains;1
7053;195;222;166;land;false;plains;1
7054;246;72;195;land;false;plains;1
7055;248;206;197;land;true;desert;1
7056;198;241;167;land;false;forest;1
7057;97;243;194;land;false;forest;1
7058;241;247;218;land;true;plains;1
7059;168;248;119;land;false;forest;1
7060;112;253;171;land;true;plains;1
7061;93;178;230;land;false;hills;1
7062;235;228;220;land;false;plains;1
7063;245;206;183;land;true;plains;1
7064;235;197;237;land;false;plains;1
7065;223;244;55;land;false;plains;1
7066;87;204;250;land;true;hills;1
7067;236;253;153;land;true;plains;1
7068;240;108;174;land;false;forest;1
7069;250;130;236;land;false;hills;1
7070;219;186;97;land;false;plains;1
7071;188;180;143;land;false;jungle;1
7072;163;200;149;land;false;hills;1
7073;153;211;193;land;false;forest;1
7074;222;237;128;land;false;plains;1
7075;29;254;219;land;false;hills;1
7076;45;244;216;land;false;forest;1
7077;182;127;252;land;false;forest;1
7078;242;154;166;land;false;forest;1
7079;173;214;147;land;false;marsh;1
7080;106;253;178;land;true;forest;1
7081;195;162;199;land;true;plains;1
7082;239;113;234;land;false;jungle;1
7083;252;216;45;land;false;plains;1
7084;41;241;235;land;false;jungle;1
7085;88;221;233;land;false;jungle;1
7086;233;190;223;land;false;jungle;1
7087;132;229;190;land;false;hills;1
7088;195;242;96;land;false;plains;1
7089;142;166;218;land;false;jungle;1
7090;242;246;178;land;true;plains;1
7091;155;206;181;land;true;plains;1
7092;78;215;242;land;false;marsh;1
7093;115;188;231;land;false;plains;1
7094;225;248;128;land;false;hills;1
7095;239;171;160;land;true;plains;1
7096;136;237;182;land;false;plains;1
7097;205;247;89;land;false;forest;1
7098;196;111;199;land;false;desert;1
7099;183;235;100;land;false;jungle;1
7100;246;153;212;land;true;plains;1
7101;235;240;216;land;false;plains;1
7102;173;249;97;land;false;hills;1
7103;217;163;227;land;true;plains;1
7104;222;218;192;land;true;plains;1
7105;215;193;133;land;true;plains;1
7106;202;187;245;land;false;mountain;1
7107;81;199;228;land;false;forest;1
7108;140;223;237;land;false;forest;1
7109;193;171;164;land;true;plains;1
7110;196;169;241;land;true;plains;1
7111;175;189;194;land;false;hills;1
7112;170;248;242;land;false;desert;1
7113;226;143;247;land;false;forest;1
7114;246;200;243;land;false;forest;1
7115;113;197;219;land;false;hills;1
7116;127;254;146;land;false;jungle;1
7117;228;209;184;land;true;jungle;1
7118;240;140;153;land;true;plains;1
7119;153;222;160;land;false;desert;1
7120;242;138;213;land;false;plains;1
7121;195;254;208;land;false;jungle;1
7122;200;218;84;land;false;marsh;1
7123;44;220;253;land;true;forest;1
7124;248;57;218;land;false;jungle;1
7125;218;212;131;land;true;plains;1
7126;251;188;140;land;false;desert;1
7127;183;190;202;land;false;forest;1
7128;247;156;248;land;false;desert;1
7129;212;190;144;land;false;forest;1
7130;167;177;241;land;false;mountain;1
7131;137;253;196;land;false;jungle;1
7132;171;254;129;land;true;plains;1
7133;215;61;227;land;false;plains;1
7134;137;218;232;land;false;jungle;1
7135;224;223;225;land;false;plains;1
7136;237;56;237;land;false;forest;1
7137;236;178;233;land;false;forest;1
7138;240;207;179;land;false;plains;1
7139;183;191;205;land;false;forest;1
7140;225;185;111;land;false;forest;1
7141;171;153;221;land;false;mountain;1
7142;188;103;218;land;false;forest;1
7143;193;184;201;land;false;plains;1
7144;169;206;142;land;false;forest;1
7145;252;244;195;land;true;forest;1
7146;246;120;248;land;false;hills;1
7147;224;100;189;land;false;plains;1
7148;208;100;245;land;false;forest;1
7149;177;246;170;land;true;plains;1
7150;221;247;111;land;false;desert;1
7151;186;250;124;land;true;plains;1
7152;254;149;209;land;true;jungle;1
7153;127;180;225;land;false;marsh;1
7154;156;158;218;land;true;plains;1
7155;221;180;216;land;false;jungle;1
7156;143;123;247;land;false;forest;1
7157;241;181;204;land;false;mountain;1
7158;214;78;237;land;false;jungle;1
7159;238;97;192;land;false;jungle;1
7160;252;188;84;land;false;forest;1
7161;215;233;204;land;false;forest;1
7162;249;75;247;land;false;plains;1
7163;209;213;161;land;false;plains;1
7164;237;120;235;land;false;plains;1
7165;170;247;137;land;false;desert;1
7166;215;43;244;land;false;desert;1
7167;230;145;131;land;false;jungle;1
7168;139;148;250;land;true;plains;1
7169;222;116;245;land;false;forest;1
7170;201;125;192;land;false;jungle;1
7171;170;95;249;land;false;plains;1
7172;198;240;210;land;false;hills;1
7173;243;170;145;land;false;jungle;1
7174;227;57;240;land;false;hills;1
7175;250;142;150;land;false;hills;1
7176;176;208;222;land;false;plains;1
7177;238;191;138;land;false;forest;1
7178;172;248;220;land;false;forest;1
7179;87;224;251;land;false;forest;1
7180;226;243;207;land;true;plains;1
7181;241;137;242;land;false;forest;1
7182;214;220;107;land;false;hills;1
7183;251;30;239;land;true;plains;1
7184;141;212;216;land;true;plains;1
7185;194;99;240;land;false;hills;1
7186;225;125;158;land;false;desert;1
7187;140;239;230;land;false;marsh;1
7188;212;209;126;land;false;forest;1
7189;175;148;216;land;false;forest;1
7190;224;196;217;land;false;desert;1
7191;188;221;122;land;false;desert;1
7192;239;209;98;land;true;plains;1
7193;38;230;239;land;false;marsh;1
7194;220;252;144;land;false;desert;1
7195;124;190;189;land;false;jungle;1
7196;223;219;252;land;false;plains;1
7197;131;171;246;land;false;hills;1
7198;98;198;217;land;false;plains;1
7199;122;247;231;land;false;mountain;1
7200;251;236;200;land;false;forest;1
7201;220;234;132;land;false;jungle;1
7202;164;206;224;land;false;forest;1
7203;244;192;180;land;true;plains;1
7204;251;146;175;land;false;plains;1
7205;206;224;213;land;true;jungle;1
7206;199;137;247;land;true;plains;1
7207;223;248;66;land;true;plains;1
7208;175;244;138;land;false;jungle;1
7209;211;150;210;land;true;plains;1
7210;185;123;201;land;true;plains;1
7211;148;242;179;land;false;forest;1
7212;227;62;229;land;false;desert;1
7213;144;202;165;land;false;plains;1
7214;234;196;161;land;false;desert;1
7215;214;167;218;land;false;marsh;1
7216;210;100;241;land;false;mountain;1
7217;169;179;215;land;false;plains;1
7218;247;190;74;land;true;desert;1
7219;250;74;222;land;false;marsh;1
7220;152;172;183;land;false;jungle;1
7221;130;251;206;land;false;forest;1
7222;111;241;158;land;false;forest;1
7223;163;131;220;land;false;plains;1
7224;227;254;149;land;false;mountain;1
7225;172;124;224;land;false;forest;1
7226;90;249;226;land;false;forest;1
7227;83;229;226;land;false;forest;1
7228;103;225;189;land;true;plains;1
7229;227;235;170;land;false;plains;1
7230;254;229;176;land;false;hills;1
7231;225;230;51;land;false;marsh;1
7232;80;250;220;land;false;forest;1
7233;174;250;165;land;true;plains;1
7234;238;169;167;land;false;desert;1
7235;125;146;250;land;false;forest;1
7236;126;164;248;land;true;plains;1
7237;101;219;204;land;false;jungle;1
7238;235;214;149;land;true;plains;1
7239;226;218;144;land;false;hills;1
7240;242;217;240;land;false;mountain;1
7241;12;254;243;land;false;jungle;1
7242;210;105;241;land;false;hills;1
7243;240;235;140;land;false;mountain;1
7244;192;201;159;land;true;plains;1
7245;181;187;239;land;true;plains;1
7246;181;244;145;land;false;forest;1
7247;237;176;103;land;false;jungle;1
7248;223;90;209;land;false;hills;1
7249;179;214;204;land;true;plains;1
7250;151;235;137;land;false;forest;1
7251;103;238;247;land;false;desert;1
7252;243;147;177;land;true;plains;1
7253;140;234;209;land;false;plains;1
7254;208;202;217;land;false;plains;1
7255;115;228;215;land;true;plains;1
7256;207;83;218;land;false;jungle;1
7257;165;117;241;land;false;forest;1
7258;254;228;197;land;false;plains;1
7259;206;190;237;land;true;plains;1
7260;61;227;252;land;false;hills;1
7261;196;231;131;land;true;plains;1
7262;123;214;203;land;false;forest;1
7263;199;217;252;land;false;desert;1
7264;240;131;173;land;true;plains;1
7265;186;235;176;land;false;desert;1
7266;173;207;154;land;false;desert;1
7267;107;176;223;land;false;hills;1
7268;230;218;207;land;false;jungle;1
7269;131;214;182;land;false;jungle;1
7270;151;119;240;land;true;plains;1
7271;147;248;203;land;false;desert;1
7272;235;73;211;land;false;desert;1
7273;239;199;89;land;false;jungle;1
7274;187;231;93;land;true;plains;1
7275;232;233;186;land;false;hills;1
7276;183;165;185;land;true;plains;1
7277;209;147;239;land;false;jungle;1
7278;72;249;203;land;false;plains;1
7279;207;193;102;land;false;hills;1
7280;218;231;110;land;false;plains;1
7281;164;121;229;land;false;forest;1
7282;197;86;232;land;false;forest;1
7283;166;235;199;land;false;jungle;1
7284;160;217;205;land;false;hills;1
7285;180;96;250;land;false;jungle;1
7286;235;84;203;land;false;forest;1
7287;241;166;191;land;false;forest;1
7288;112;251;144;land;false;jungle;1
7289;239;180;130;land;false;marsh;1
7290;150;118;233;land;false;hills;1
7291;250;229;39;land;false;plains;1
7292;209;103;196;land;false;forest;1
7293;155;183;180;land;false;forest;1
7294;248;245;112;land;true;plains;1
7295;72;209;244;land;true;plains;1
7296;168;162;215;land;false;jungle;1
7297;239;162;140;land;false;hills;1
7298;232;141;159;land;false;jungle;1
7299;186;125;245;land;false;plains;1
7300;228;125;244;land;false;forest;1
7301;152;232;246;land;false;hills;1
7302;249;148;174;land;false;plains;1
7303;168;250;215;land;false;forest;1
7304;134;208;233;land;false;jungle;1
7305;209;234;59;land;false;forest;1
7306;196;238;202;land;false;plains;1
7307;202;221;244;land;false;mountain;1
7308;163;211;133;land;false;plains;1
7309;232;242;50;land;true;mountain;1
7310;221;175;108;land;false;forest;1
7311;191;246;71;land;false;jungle;1
7312;179;245;155;land;false;jungle;1
7313;245;127;217;land;false;forest;1
7314;232;157;145;land;false;forest;1
7315;232;157;226;land;false;marsh;1
7316;225;241;215;land;false;jungle;1
7317;252;206;126;land;true;plains;1
7318;244;66;193;land;false;forest;1
7319;238;85;189;land;false;plains;1
7320;236;164;160;land;false;desert;1
7321;251;204;56;land;false;forest;1
7322;105;143;254;land;false;plains;1
7323;129;164;223;land;false;forest;1
7324;234;211;246;land;false;plains;1
7325;219;169;135;land;false;hills;1
7326;193;152;209;land;false;jungle;1
7327;154;186;252;land;false;forest;1
7328;242;231;174;land;true;plains;1
7329;214;168;186;land;false;plains;1
7330;235;216;57;land;true;plains;1
7331;198;176;220;land;false;forest;1
7332;204;207;149;land;false;jungle;1
7333;253;185;206;land;false;hills;1
7334;251;52;223;land;false;hills;1
7335;222;232;144;land;false;plains;1
7336;243;208;167;land;false;jungle;1
7337;58;215;229;land;true;jungle;1
7338;244;120;207;land;false;forest;1
7339;100;227;197;land;false;forest;1
7340;216;122;168;land;false;plains;1
7341;131;251;151;land;false;plains;1
7342;226;143;151;land;false;jungle;1
7343;200;249;63;land;false;jungle;1
7344;229;178;169;land;true;plains;1
7345;180;225;187;land;true;plains;1
7346;246;231;133;land;false;desert;1
7347;231;129;215;land;false;hills;1
7348;141;238;230;land;false;hills;1
7349;247;247;54;land;true;jungle;1
7350;181;195;240;land;false;forest;1
7351;223;79;202;land;false;plains;1
7352;149;228;149;land;false;hills;1
7353;157;170;185;land;true;plains;1
7354;253;224;246;land;false;forest;1
7355;24;246;237;land;false;forest;1
7356;220;173;198;land;false;plains;1
7357;222;129;165;land;false;plains;1
7358;247;93;174;land;false;forest;1
7359;212;234;210;land;false;hills;1
7360;181;214;168;land;false;forest;1
7361;197;82;230;land;false;hills;1
7362;125;231;231;land;false;hills;1
7363;231;63;253;land;false;jungle;1
7364;139;251;114;land;false;forest;1
7365;164;219;248;land;false;forest;1
7366;191;127;241;land;false;jungle;1
7367;243;141;165;land;false;jungle;1
7368;252;109;164;land;false;mountain;1
7369;98;192;248;land;false;plains;1
7370;95;208;202;land;false;forest;1
7371;149;210;156;land;false;jungle;1
7372;156;204;248;land;false;forest;1
7373;220;234;113;land;false;jungle;1
7374;185;166;207;land;true;jungle;1
7375;168;134;229;land;false;jungle;1
7376;81;242;251;land;false;desert;1
7377;236;192;203;land;false;desert;1
7378;215;239;55;land;false;hills;1
7379;177;142;217;land;true;plains;1
7380;252;79;187;land;false;jungle;1
7381;221;172;117;land;true;plains;1
7382;190;246;112;land;false;desert;1
7383;230;68;247;land;false;jungle;1
7384;153;246;207;land;true;plains;1
7385;233;80;220;land;false;jungle;1
7386;214;219;133;land;true;forest;1
7387;246;225;91;land;false;forest;1
7388;52;230;249;land;true;plains;1
7389;215;244;202;land;false;jungle;1
7390;137;164;211;land;false;hills;1
7391;250;217;238;land;false;forest;1
7392;195;114;207;land;false;desert;1
7393;235;149;137;land;false;forest;1
7394;183;203;150;land;false;jungle;1
7395;224;202;127;land;true;plains;1
7396;218;214;75;land;false;forest;1
7397;218;173;187;land;false;desert;1
7398;165;237;173;land;false;desert;1
7399;187;184;136;land;false;desert;1
7400;105;239;244;land;false;forest;1
7401;143;250;201;land;false;forest;1
7402;171;164;166;land;false;jungle;1
7403;236;183;204;land;false;desert;1
7404;46;210;248;land;false;forest;1
7405;193;252;220;land;false;mountain;1
7406;165;151;194;land;false;plains;1
7407;101;223;180;land;false;urban;1
7408;239;235;145;land;false;forest;1
7409;167;137;218;land;false;jungle;1
7410;244;69;232;land;true;plains;1
7411;149;221;188;land;false;plains;1
7412;219;251;208;land;false;jungle;1
7413;193;111;202;land;false;jungle;1
7414;187;145;182;land;false;hills;1
7415;193;137;239;land;false;forest;1
7416;122;238;196;land;false;forest;1
7417;180;227;148;land;false;jungle;1
7418;233;153;238;land;false;jungle;1
7419;214;225;183;land;false;desert;1
7420;241;164;228;land;false;desert;1
7421;200;141;167;land;false;jungle;1
7422;64;247;237;land;false;jungle;1
7423;214;87;233;land;false;jungle;1
7424;62;242;234;land;false;hills;1
7425;117;234;174;land;false;hills;1
7426;239;110;184;land;false;plains;1
7427;68;207;250;land;true;plains;1
7428;193;246;216;land;true;plains;1
7429;184;213;175;land;false;desert;1
7430;224;202;171;land;true;plains;1
7431;80;228;229;land;false;hills;1
7432;148;221;245;land;true;plains;1
7433;219;64;233;land;true;plains;1
7434;248;249;199;land;false;forest;1
7435;101;194;224;land;false;forest;1
7436;179;237;112;land;true;plains;1
7437;201;150;186;land;false;forest;1
7438;239;207;164;land;true;plains;1
7439;224;216;129;land;false;jungle;1
7440;236;123;146;land;false;jungle;1
7441;145;242;240;land;false;jungle;1
7442;169;154;205;land;true;plains;1
7443;174;190;245;land;false;mountain;1
7444;211;215;118;land;false;jungle;1
7445;151;182;228;land;false;jungle;1
7446;249;247;36;land;false;forest;1
7447;232;209;227;land;false;forest;1
7448;173;163;234;land;false;forest;1
7449;184;113;212;land;false;plains;1
7450;244;191;241;land;false;forest;1
7451;213;159;155;land;false;jungle;1
7452;134;194;182;land;false;jungle;1
7453;175;157;189;land;false;hills;1
7454;98;237;203;land;false;hills;1
7455;117;163;237;land;false;jungle;1
7456;245;97;224;land;false;forest;1
7457;238;224;166;land;true;plains;1
7458;245;172;115;land;false;desert;1
7459;243;35;244;land;true;plains;1
7460;220;111;202;land;true;plains;1
7461;252;140;174;land;false;forest;1
7462;252;126;249;land;false;jungle;1
7463;225;202;114;land;true;plains;1
7464;217;213;144;land;false;desert;1
7465;181;218;157;land;false;forest;1
7466;249;145;155;land;false;forest;1
7467;46;216;249;land;false;jungle;1
7468;182;207;176;land;false;forest;1
7469;207;149;241;land;false;forest;1
7470;190;207;189;land;false;hills;1
7471;95;213;211;land;false;desert;1
7472;221;74;219;land;false;jungle;1
7473;219;125;201;land;false;jungle;1
7474;97;188;222;land;false;desert;1
7475;242;129;156;land;false;hills;1
7476;176;166;249;land;false;desert;1
7477;249;208;100;land;true;plains;1
7478;217;171;204;land;false;marsh;1
7479;77;246;220;land;true;plains;1
7480;168;220;212;land;true;plains;1
7481;186;85;248;land;false;forest;1
7482;181;122;207;land;true;plains;1
7483;100;232;197;land;true;plains;1
7484;224;197;96;land;false;plains;1
7485;244;71;201;land;false;forest;1
7486;198;130;199;land;false;jungle;1
7487;238;81;200;land;false;marsh;1
7488;141;163;227;land;false;marsh;1
7489;24;252;239;land;true;plains;1
7490;104;211;237;land;true;plains;1
7491;222;193;252;land;false;plains;1
7492;224;87;252;land;false;hills;1
7493;233;238;58;land;true;plains;1
7494;251;164;118;land;true;plains;1
7495;248;184;157;land;false;forest;1
7496;230;244;183;land;false;jungle;1
7497;186;240;148;land;true;plains;1
7498;253;206;158;land;true;plains;1
7499;208;225;187;land;false;forest;1
7500;244;229;153;land;false;plains;1
7501;197;97;252;land;false;mountain;1
7502;252;160;222;land;false;plains;1
7503;150;205;204;land;false;forest;1
7504;209;147;173;land;false;hills;1
7505;82;218;223;land;false;jungle;1
7506;198;152;187;land;false;jungle;1
7507;125;234;180;land;true;plains;1
7508;251;102;183;land;true;plains;1
7509;246;119;205;land;false;desert;1
7510;99;240;234;land;false;jungle;1
7511;246;166;242;land;false;hills;1
7512;245;148;131;land;true;plains;1
7513;225;45;253;land;false;desert;1
7514;211;153;156;land;false;hills;1
7515;77;207;233;land;false;forest;1
7516;240;173;241;land;false;desert;1
7517;147;237;220;land;false;forest;1
7518;225;252;240;land;false;forest;1
7519;178;202;179;land;false;jungle;1
7520;203;223;228;land;false;jungle;1
7521;216;154;145;land;false;jungle;1
7522;223;139;203;land;false;plains;1
7523;187;237;90;land;true;plains;1
7524;245;38;218;land;false;jungle;1
7525;242;150;116;land;true;plains;1
7526;233;201;210;land;false;hills;1
7527;220;63;235;land;true;plains;1
7528;236;232;181;land;false;jungle;1
7529;244;194;164;land;true;plains;1
7530;137;214;243;land;true;forest;1
7531;216;70;253;land;false;plains;1
7532;187;226;137;land;false;forest;1
7533;174;223;105;land;false;jungle;1
7534;45;242;214;land;true;plains;1
7535;179;129;225;land;false;hills;1
7536;205;220;241;land;false;jungle;1
7537;251;154;123;land;false;plains;1
7538;155;235;179;land;false;mountain;1
7539;163;219;210;land;false;forest;1
7540;172;191;200;land;true;plains;1
7541;234;111;246;land;false;jungle;1
7542;210;152;231;land;true;plains;1
7543;199;192;120;land;false;forest;1
7544;235;32;234;land;false;plains;1
7545;183;247;243;land;false;jungle;1
7546;226;169;209;land;false;forest;1
7547;113;231;217;land;true;plains;1
7548;229;185;178;land;false;jungle;1
7549;216;174;195;land;true;plains;1
7550;94;230;203;land;false;plains;1
7551;242;174;138;land;false;desert;1
7552;227;126;240;land;false;hills;1
7553;232;125;233;land;false;forest;1
7554;208;207;97;land;true;plains;1
7555;146;210;189;land;false;plains;1
7556;238;192;151;land;false;forest;1
7557;206;135;194;land;false;marsh;1
7558;173;135;251;land;true;plains;1
7559;208;231;208;land;false;jungle;1
7560;142;188;250;land;false;jungle;1
7561;244;106;246;land;false;plains;1
7562;139;211;215;land;false;forest;1
7563;130;227;200;land;true;forest;1
7564;254;49;211;land;true;plains;1
7565;237;200;226;land;false;jungle;1
7566;233;249;85;land;false;jungle;1
7567;233;70;244;land;false;hills;1
7568;99;209;251;land;true;plains;1
7569;241;182;204;land;true;plains;1
7570;149;176;185;land;false;jungle;1
7571;120;230;189;land;false;jungle;1
7572;221;156;213;land;false;forest;1
7573;146;252;144;land;true;forest;1
7574;248;223;239;land;true;forest;1
7575;225;174;196;land;false;forest;1
7576;248;198;80;land;true;plains;1
7577;194;231;96;land;true;plains;1
7578;250;206;54;land;false;forest;1
7579;229;253;84;land;false;jungle;1
7580;192;237;84;land;false;forest;1
7581;202;201;106;land;true;forest;1
7582;124;198;228;land;true;plains;1
7583;160;135;211;land;false;plains;1
7584;139;239;184;land;false;hills;1
7585;242;231;71;land;true;plains;1
7586;189;232;138;land;false;mountain;1
7587;110;209;219;land;false;plains;1
7588;254;190;69;land;false;forest;1
7589;238;157;217;land;false;jungle;1
7590;205;133;212;land;false;desert;1
7591;126;194;231;land;true;plains;1
7592;210;223;133;land;true;plains;1
7593;231;102;188;land;false;forest;1
7594;250;141;128;land;false;forest;1
7595;30;243;230;land;false;jungle;1
7596;42;214;251;land;false;plains;1
7597;47;246;208;land;false;desert;1
7598;60;234;229;land;false;jungle;1
7599;100;254;207;land;false;forest;1
7600;225;250;152;land;true;plains;1
7601;41;216;252;land;true;plains;1
7602;146;150;206;land;true;plains;1
7603;247;89;221;land;false;jungle;1
7604;164;143;211;land;false;plains;1
7605;178;213;115;land;false;hills;1
7606;245;228;70;land;false;hills;1
7607;211;242;154;land;false;desert;1
7608;204;249;174;land;true;plains;1
7609;120;236;155;land;true;plains;1
7610;238;113;238;land;false;forest;1
7611;248;187;235;land;true;plains;1
7612;125;240;196;land;false;plains;1
7613;111;250;197;land;false;hills;1
7614;179;205;117;land;true;plains;1
7615;194;250;171;land;true;plains;1
7616;252;170;150;land;false;plains;1
7617;249;139;187;land;false;desert;1
7618;228;131;143;land;false;plains;1
7619;250;232;50;land;false;forest;1
7620;59;252;235;land;true;plains;1
7621;201;242;154;land;true;plains;1
7622;247;175;113;land;true;plains;1
7623;228;132;182;land;true;plains;1
7624;83;243;180;land;false;jungle;1
7625;177;201;163;land;false;hills;1
7626;208;105;246;land;true;plains;1
7627;133;207;209;land;true;plains;1
7628;248;91;223;land;false;hills;1
7629;186;121;215;land;false;plains;1
7630;203;112;245;land;true;plains;1
7631;238;166;145;land;false;desert;1
7632;184;150;209;land;false;desert;1
7633;166;209;184;land;false;hills;1
7634;176;239;131;land;false;desert;1
7635;231;243;37;land;false;desert;1
7636;237;201;139;land;false;forest;1
7637;240;240;98;land;true;plains;1
7638;182;144;195;land;false;plains;1
7639;182;172;252;land;false;forest;1
7640;242;114;246;land;false;desert;1
7641;204;250;93;land;false;forest;1
7642;181;193;129;land;false;forest;1
7643;127;177;207;land;false;mountain;1
7644;41;253;225;land;false;hills;1
7645;220;193;173;land;true;plains;1
7646;191;169;233;land;true;plains;1
7647;247;207;64;land;false;desert;1
7648;27;229;253;land;false;plains;1
7649;186;124;206;land;true;plains;1
7650;116;189;197;land;true;plains;1
7651;233;101;180;land;true;plains;1
7652;91;204;235;land;false;plains;1
7653;83;224;227;land;false;forest;1
7654;194;231;135;land;true;plains;1
7655;189;135;240;land;true;plains;1
7656;216;72;238;land;false;desert;1
7657;95;220;194;land;false;desert;1
7658;214;227;191;land;true;plains;1
7659;176;221;134;land;false;hills;1
7660;232;52;228;land;false;desert;1
7661;172;194;247;land;false;desert;1
7662;247;208;91;land;false;jungle;1
7663;245;202;231;land;false;desert;1
7664;197;142;190;land;false;desert;1
7665;239;244;99;land;false;plains;1
7666;206;136;236;land;false;plains;1
7667;212;170;120;land;false;forest;1
7668;211;209;84;land;true;plains;1
7669;233;149;252;land;true;plains;1
7670;235;157;223;land;true;plains;1
7671;203;175;194;land;true;plains;1
7672;244;207;249;land;false;mountain;1
7673;168;245;249;land;false;hills;1
7674;233;252;35;land;false;forest;1
7675;121;240;206;land;false;desert;1
7676;94;254;212;land;true;plains;1
7677;223;193;220;land;true;plains;1
7678;152;248;148;land;false;forest;1
7679;210;239;77;land;false;hills;1
7680;238;237;162;land;true;desert;1
7681;201;132;173;land;true;forest;1
7682;236;249;177;land;true;plains;1
7683;89;238;228;land;false;hills;1
7684;252;230;67;land;false;forest;1
7685;216;117;172;land;true;plains;1
7686;180;203;131;land;false;forest;1
7687;232;252;191;land;true;plains;1
7688;145;196;243;land;false;forest;1
7689;218;214;107;land;false;jungle;1
7690;183;172;159;land;true;plains;1
7691;69;231;233;land;true;plains;1
7692;190;201;174;land;false;desert;1
7693;144;192;227;land;false;desert;1
7694;241;59;218;land;false;desert;1
7695;243;188;120;land;true;plains;1
7696;239;100;184;land;false;forest;1
7697;217;215;194;land;true;plains;1
7698;224;177;126;land;true;plains;1
7699;245;202;234;land;true;plains;1
7700;149;236;200;land;true;plains;1
7701;249;235;243;land;true;plains;1
7702;185;248;155;land;false;mountain;1
7703;238;136;155;land;false;desert;1
7704;232;199;121;land;false;plains;1
7705;216;243;230;land;false;hills;1
7706;220;243;62;land;false;desert;1
7707;93;249;251;land;false;plains;1
7708;168;88;247;land;false;jungle;1
7709;206;229;78;land;true;plains;1
7710;228;204;207;land;false;desert;1
7711;189;223;212;land;false;hills;1
7712;228;154;228;land;true;plains;1
7713;252;238;167;land;false;jungle;1
7714;218;85;244;land;false;forest;1
7715;210;246;158;land;false;forest;1
7716;183;180;158;land;true;plains;1
7717;204;254;103;land;false;jungle;1
7718;161;199;244;land;false;hills;1
7719;162;237;107;land;false;plains;1
7720;210;194;225;land;false;forest;1
7721;161;153;220;land;true;plains;1
7722;254;188;149;land;false;desert;1
7723;123;215;193;land;true;plains;1
7724;98;222;228;land;true;plains;1
7725;243;138;245;land;false;plains;1
7726;215;227;138;land;false;hills;1
7727;62;245;218;land;false;hills;1
7728;168;220;160;land;false;forest;1
7729;176;239;120;land;true;plains;1
7730;218;202;171;land;false;forest;1
7731;194;195;195;land;false;hills;1
7732;196;209;125;land;true;plains;1
7733;248;64;193;land;false;hills;1
7734;172;241;89;land;true;plains;1
7735;106;235;175;land;false;jungle;1
7736;230;104;198;land;false;plains;1
7737;206;181;151;land;false;plains;1
7738;86;218;237;land;true;plains;1
7739;229;253;242;land;true;plains;1
7740;235;138;165;land;false;desert;1
7741;229;203;210;land;true;plains;1
7742;205;189;225;land;true;plains;1
7743;253;71;240;land;false;jungle;1
7744;236;219;76;land;false;jungle;1
7745;141;181;233;land;false;plains;1
7746;239;194;225;land;true;plains;1
7747;141;218;196;land;false;hills;1
7748;244;107;175;land;true;plains;1
7749;225;197;118;land;false;jungle;1
7750;248;252;140;land;false;jungle;1
7751;54;253;218;land;true;desert;1
7752;246;104;232;land;false;forest;1
7753;240;244;171;land;false;marsh;1
7754;212;224;245;land;false;jungle;1
7755;200;105;249;land;false;forest;1
7756;184;253;250;land;true;plains;1
7757;238;135;254;land;false;hills;1
7758;177;200;176;land;false;jungle;1
7759;159;252;146;land;false;forest;1
7760;146;194;253;land;false;mountain;1
7761;150;189;208;land;false;mountain;1
7762;210;254;59;land;true;plains;1
7763;116;142;245;land;true;plains;1
7764;78;226;216;land;false;jungle;1
7765;198;239;187;land;false;plains;1
7766;149;231;221;land;true;plains;1
7767;236;188;244;land;true;plains;1
7768;200;100;245;land;false;plains;1
7769;145;217;175;land;true;plains;1
7770;181;184;190;land;false;plains;1
7771;244;84;232;land;true;plains;1
7772;204;218;101;land;false;mountain;1
7773;40;250;230;land;true;plains;1
7774;126;191;193;land;true;plains;1
7775;247;153;229;land;false;jungle;1
7776;167;233;208;land;false;plains;1
7777;217;234;216;land;false;desert;1
7778;243;243;143;land;false;plains;1
7779;172;132;234;land;false;mountain;1
7780;101;201;213;land;false;plains;1
7781;123;241;157;land;true;plains;1
7782;234;207;81;land;false;jungle;1
7783;240;68;251;land;false;plains;1
7784;183;191;242;land;false;forest;1
7785;218;172;178;land;false;hills;1
7786;57;252;239;land;false;hills;1
7787;158;252;222;land;true;plains;1
7788;124;208;183;land;true;forest;1
7789;172;96;248;land;true;forest;1
7790;65;201;247;land;false;hills;1
7791;161;137;249;land;false;hills;1
7792;218;57;227;land;true;plains;1
7793;65;247;236;land;false;desert;1
7794;111;242;232;land;false;desert;1
7795;103;235;202;land;false;jungle;1
7796;241;219;60;land;false;forest;1
7797;193;169;153;land;true;plains;1
7798;228;130;194;land;false;hills;1
7799;211;186;105;land;true;plains;1
7800;207;223;215;land;false;plains;1
7801;141;147;254;land;false;plains;1
7802;232;169;122;land;true;plains;1
7803;232;231;89;land;true;plains;1
7804;193;144;209;land;true;plains;1
7805;121;205;197;land;false;plains;1
7806;153;217;134;land;false;hills;1
7807;229;143;251;land;false;plains;1
7808;185;222;106;land;true;plains;1
7809;181;207;122;land;false;hills;1
7810;178;216;167;land;false;mountain;1
7811;226;190;182;land;false;forest;1
7812;238;167;125;land;false;jungle;1
7813;169;219;166;land;true;plains;1
7814;177;244;115;land;false;forest;1
7815;84;230;215;land;false;jungle;1
7816;249;222;34;land;false;plains;1
7817;147;202;175;land;true;plains;1
7818;210;245;245;land;false;forest;1
7819;243;188;230;land;false;hills;1
7820;253;94;220;land;false;plains;1
7821;249;223;88;land;false;hills;1
7822;224;99;212;land;false;forest;1
7823;241;172;249;land;false;plains;1
7824;247;223;233;land;false;plains;1
7825;202;109;223;land;false;plains;1
7826;152;237;235;land;false;hills;1
7827;251;67;205;land;true;plains;1
7828;223;44;236;land;false;plains;1
7829;247;222;193;land;true;plains;1
7830;202;206;117;land;false;hills;1
7831;181;247;209;land;false;plains;1
7832;175;220;110;land;false;plains;1
7833;96;250;209;land;false;hills;1
7834;228;72;205;land;true;plains;1
7835;220;232;200;land;false;mountain;1
7836;183;226;237;land;false;desert;1
7837;140;184;210;land;true;plains;1
7838;89;242;209;land;false;desert;1
7839;193;229;180;land;false;forest;1
7840;251;81;182;land;true;plains;1
7841;167;218;169;land;false;plains;1
7842;206;202;220;land;true;forest;1
7843;151;166;202;land;true;plains;1
7844;161;215;145;land;true;plains;1
7845;252;155;193;land;false;forest;1
7846;162;201;238;land;false;hills;1
7847;228;223;209;land;false;hills;1
7848;162;144;204;land;false;plains;1
7849;173;142;214;land;false;marsh;1
7850;138;212;231;land;true;plains;1
7851;245;246;59;land;true;plains;1
7852;193;205;103;land;true;plains;1
7853;209;225;137;land;true;forest;1
7854;240;122;204;land;false;forest;1
7855;148;161;204;land;false;desert;1
7856;176;190;145;land;true;marsh;1
7857;89;246;198;land;true;plains;1
7858;174;136;242;land;false;plains;1
7859;105;203;228;land;false;mountain;1
7860;118;232;204;land;true;plains;1
7861;238;151;201;land;false;forest;1
7862;186;227;134;land;false;desert;1
7863;227;209;197;land;false;desert;1
7864;230;152;204;land;false;desert;1
7865;88;202;215;land;false;forest;1
7866;226;201;229;land;false;plains;1
7867;157;192;184;land;false;forest;1
7868;241;217;205;land;false;plains;1
7869;186;144;254;land;true;plains;1
7870;217;166;252;land;false;hills;1
7871;254;220;172;land;true;plains;1
7872;184;194;130;land;true;plains;1
7873;55;205;248;land;false;plains;1
7874;220;185;233;land;true;plains;1
7875;213;111;233;land;true;plains;1
7876;202;251;222;land;true;plains;1
7877;222;247;177;land;false;mountain;1
7878;159;250;196;land;false;plains;1
7879;126;197;198;land;false;mountain;1
7880;254;245;165;land;false;forest;1
7881;98;224;185;land;false;desert;1
7882;177;237;177;land;true;plains;1
7883;250;160;155;land;false;plains;1
7884;220;230;175;land;false;plains;1
7885;198;208;218;land;false;forest;1
7886;222;200;223;land;false;desert;1
7887;85;247;221;land;false;forest;1
7888;240;100;208;land;false;forest;1
7889;79;190;247;land;false;desert;1
7890;129;215;171;land;false;forest;1
7891;125;218;199;land;true;plains;1
7892;149;138;228;land;true;plains;1
7893;105;242;167;land;true;urban;1
7894;105;205;211;land;false;forest;1
7895;207;210;140;land;false;hills;1
7896;205;111;226;land;false;plains;1
7897;196;173;174;land;false;desert;1
7898;147;113;246;land;true;plains;1
7899;72;245;217;land;true;forest;1
7900;227;213;187;land;false;desert;1
7901;159;226;170;land;false;mountain;1
7902;181;163;214;land;false;forest;1
7903;100;215;194;land;false;marsh;1
7904;152;254;210;land;false;forest;1
7905;223;138;160;land;false;desert;1
7906;188;113;227;land;false;plains;1
7907;198;241;170;land;false;mountain;1
7908;168;246;232;land;true;plains;1
7909;171;202;235;land;true;plains;1
7910;61;206;243;land;true;plains;1
7911;245;171;176;land;false;plains;1
7912;239;195;228;land;false;forest;1
7913;206;243;111;land;true;plains;1
7914;156;200;232;land;false;desert;1
7915;61;244;200;land;false;forest;1
7916;180;218;112;land;false;plains;1
7917;249;106;206;land;false;desert;1
7918;238;140;196;land;false;forest;1
7919;245;140;195;land;true;plains;1
7920;125;238;194;land;false;plains;1
7921;186;197;207;land;true;plains;1
7922;234;243;241;land;false;hills;1
7923;83;189;229;land;false;desert;1
7924;249;123;192;land;false;marsh;1
7925;210;210;172;land;true;plains;1
7926;160;242;156;land;false;desert;1
7927;218;110;188;land;false;plains;1
7928;245;251;157;land;false;forest;1
7929;208;243;100;land;false;mountain;1
7930;249;242;205;land;true;plains;1
7931;135;145;245;land;false;mountain;1
7932;211;169;238;land;true;plains;1
7933;194;148;251;land;false;plains;1
7934;246;144;193;land;false;plains;1
7935;226;221;198;land;true;plains;1
7936;128;227;219;land;false;forest;1
7937;109;229;223;land;false;plains;1
7938;104;212;254;land;false;forest;1
7939;245;172;92;land;true;desert;1
7940;196;101;235;land;false;forest;1
7941;62;241;235;land;false;plains;1
7942;218;81;218;land;false;plains;1
7943;239;155;110;land;true;plains;1
7944;222;201;250;land;true;plains;1
7945;254;116;243;land;true;plains;1
7946;180;226;179;land;false;plains;1
7947;170;211;144;land;true;hills;1
7948;163;246;96;land;true;plains;1
7949;67;217;246;land;false;forest;1
7950;192;239;87;land;true;plains;1
7951;212;191;240;land;true;plains;1
7952;234;229;177;land;false;hills;1
7953;120;245;192;land;false;plains;1
7954;216;164;198;land;false;mountain;1
7955;168;138;233;land;false;plains;1
7956;198;196;215;land;false;forest;1
7957;229;254;177;land;true;desert;1
7958;218;150;236;land;true;forest;1
7959;68;224;229;land;false;forest;1
7960;145;199;247;land;false;hills;1
7961;236;59;229;land;false;desert;1
7962;190;219;184;land;true;desert;1
7963;221;142;209;land;false;forest;1
7964;237;66;224;land;false;hills;1
7965;173;242;162;land;true;plains;1
7966;249;165;137;land;true;plains;1
7967;197;227;157;land;false;hills;1
7968;142;218;217;land;true;plains;1
7969;187;146;180;land;false;hills;1
7970;146;207;172;land;false;hills;1
7971;144;211;180;land;true;plains;1
7972;244;58;226;land;true;plains;1
7973;247;222;42;land;false;hills;1
7974;235;170;214;land;false;marsh;1
7975;164;218;247;land;false;forest;1
7976;252;75;181;land;true;forest;1
7977;121;249;239;land;false;forest;1
7978;234;211;102;land;false;plains;1
7979;247;26;228;land;false;desert;1
7980;210;245;237;land;false;hills;1
7981;236;99;223;land;false;mountain;1
7982;219;158;213;land;false;forest;1
7983;103;211;231;land;true;plains;1
7984;205;237;70;land;false;hills;1
7985;194;249;106;land;false;plains;1
7986;210;101;190;land;false;plains;1
7987;181;213;116;land;false;forest;1
7988;208;249;107;land;false;plains;1
7989;108;219;234;land;true;desert;1
7990;237;57;223;land;false;hills;1
7991;212;197;246;land;true;desert;1
7992;142;224;171;land;true;plains;1
7993;246;117;248;land;false;forest;1
7994;110;153;253;land;false;hills;1
7995;171;124;246;land;false;plains;1
7996;219;155;254;land;false;hills;1
7997;96;253;175;land;false;mountain;1
7998;230;196;223;land;false;plains;1
7999;71;227;227;land;false;plains;1
8000;228;67;243;land;false;plains;1
8001;210;167;240;land;false;plains;1
8002;212;172;183;land;false;plains;1
8003;198;230;186;land;false;desert;1
8004;149;167;229;land;true;forest;1
8005;159;226;219;land;true;plains;1
8006;253;28;228;land;true;plains;1
8007;122;161;225;land;false;forest;1
8008;172;228;162;land;false;mountain;1
8009;182;206;248;land;false;hills;1
8010;173;225;249;land;false;plains;1
8011;215;185;162;land;true;plains;1
8012;247;128;175;land;false;forest;1
8013;148;230;166;land;false;desert;1
8014;219;222;169;land;false;hills;1
8015;208;247;212;land;false;hills;1
8016;154;244;229;land;true;plains;1
8017;23;248;250;land;true;desert;1
8018;151;174;181;land;false;forest;1
8019;238;241;90;land;false;desert;1
8020;219;167;141;land;true;plains;1
8021;163;236;130;land;false;desert;1
8022;240;95;241;land;false;plains;1
8023;167;231;204;land;false;plains;1
8024;104;192;210;land;false;forest;1
8025;234;193;79;land;false;plains;1
8026;218;160;174;land;false;plains;1
8027;241;240;159;land;false;urban;1
8028;197;91;219;land;true;plains;1
8029;244;238;30;land;false;hills;1
8030;110;192;237;land;false;hills;1
8031;238;129;160;land;false;plains;1
8032;240;102;250;land;false;forest;1
8033;130;139;253;land;false;desert;1
8034;145;216;179;land;true;plains;1
8035;226;136;188;land;false;hills;1
8036;73;248;245;land;false;hills;1
8037;253;253;82;land;false;hills;1
8038;151;128;253;land;false;hills;1
8039;192;218;92;land;false;hills;1
8040;90;177;237;land;false;desert;1
8041;169;109;254;land;true;plains;1
8042;141;217;163;land;false;forest;1
8043;96;176;229;land;false;forest;1
8044;215;211;187;land;false;hills;1
8045;248;20;250;land;false;forest;1
8046;172;254;104;land;false;desert;1
8047;236;50;246;land;true;plains;1
8048;178;228;142;land;false;desert;1
8049;239;196;235;land;false;forest;1
8050;110;251;232;land;false;plains;1
8051;191;203;211;land;true;plains;1
8052;192;251;245;land;false;desert;1
8053;242;186;194;land;false;forest;1
8054;144;213;228;land;true;plains;1
8055;170;254;155;land;true;plains;1
8056;211;248;43;land;false;hills;1
8057;204;240;103;land;false;hills;1
8058;141;185;207;land;true;plains;1
8059;202;194;114;land;false;desert;1
8060;232;154;211;land;true;plains;1
8061;68;241;251;land;false;hills;1
8062;219;248;85;land;false;forest;1
8063;115;208;249;land;false;desert;1
8064;121;136;245;land;true;plains;1
8065;190;226;208;land;true;plains;1
8066;168;226;180;land;true;plains;1
8067;183;173;186;land;false;desert;1
8068;251;30;234;land;true;plains;1
8069;99;238;173;land;true;plains;1
8070;168;182;174;land;true;plains;1
8071;101;210;213;land;true;plains;1
8072;220;120;170;land;true;plains;1
8073;247;212;112;land;false;forest;1
8074;215;193;216;land;true;hills;1
8075;195;214;235;land;true;plains;1
8076;216;218;229;land;false;plains;1
8077;232;98;194;land;false;desert;1
8078;147;152;203;land;true;plains;1
8079;111;252;155;land;false;plains;1
8080;127;222;218;land;false;plains;1
8081;93;229;248;land;false;hills;1
8082;218;175;189;land;false;plains;1
8083;208;139;205;land;true;plains;1
8084;110;225;176;land;false;desert;1
8085;179;217;159;land;false;desert;1
8086;146;202;241;land;false;forest;1
8087;243;138;235;land;true;plains;1
8088;124;215;211;land;true;plains;1
8089;231;103;225;land;false;forest;1
8090;169;236;199;land;true;plains;1
8091;195;254;111;land;false;plains;1
8092;192;229;133;land;true;plains;1
8093;182;250;214;land;false;hills;1
8094;231;232;126;land;true;plains;1
8095;222;197;229;land;false;plains;1
8096;90;247;245;land;true;forest;1
8097;254;75;237;land;true;plains;1
8098;90;248;203;land;true;plains;1
8099;214;138;188;land;true;hills;1
8100;192;236;181;land;false;forest;1
8101;144;232;157;land;true;plains;1
8102;158;104;239;land;false;plains;1
8103;209;221;136;land;false;forest;1
8104;195;160;205;land;false;forest;1
8105;242;173;133;land;true;plains;1
8106;249;254;137;land;true;plains;1
8107;165;236;104;land;false;plains;1
8108;228;185;254;land;false;plains;1
8109;95;238;219;land;false;desert;1
8110;244;254;50;land;false;plains;1
8111;236;161;205;land;false;desert;1
8112;140;241;125;land;true;plains;1
8113;235;191;102;land;true;plains;1
8114;226;131;213;land;true;plains;1
8115;95;240;229;land;true;plains;1
8116;212;212;119;land;false;hills;1
8117;247;94;189;land;false;plains;1
8118;85;218;198;land;true;plains;1
8119;242;207;99;land;false;plains;1
8120;208;110;213;land;true;forest;1
8121;190;83;228;land;true;forest;1
8122;175;208;133;land;false;desert;1
8123;62;240;221;land;true;plains;1
8124;243;247;162;land;true;hills;1
8125;179;235;214;land;false;plains;1
8126;203;246;251;land;false;mountain;1
8127;226;254;51;land;true;plains;1
8128;240;167;124;land;false;forest;1
8129;57;224;231;land;true;plains;1
8130;178;224;206;land;true;plains;1
8131;214;214;236;land;false;forest;1
8132;222;179;108;land;true;desert;1
8133;206;237;239;land;true;plains;1
8134;224;128;248;land;true;plains;1
8135;254;245;48;land;true;plains;1
8136;191;200;233;land;true;plains;1
8137;251;97;184;land;true;forest;1
8138;238;161;238;land;true;desert;1
8139;216;151;171;land;true;desert;1
8140;169;175;208;land;false;forest;1
8141;233;196;201;land;true;plains;1
8142;218;205;197;land;true;plains;1
8143;144;214;151;land;true;plains;1
8144;248;162;102;land;true;plains;1
8145;147;223;178;land;true;plains;1
8146;129;174;215;land;false;forest;1
8147;248;169;248;land;true;plains;1
8148;154;250;139;land;true;plains;1
8149;226;214;134;land;true;plains;1
8150;234;203;163;land;true;plains;1
8151;253;235;89;land;true;plains;1
8152;248;92;194;land;true;plains;1
8153;105;220;185;land;true;plains;1
8154;222;96;242;land;false;hills;1
8155;244;202;105;land;true;plains;1
8156;228;192;170;land;true;plains;1
8157;234;253;141;land;true;plains;1
8158;213;249;111;land;false;plains;1
8159;147;225;197;land;true;plains;1
8160;207;135;209;land;true;plains;1
8161;114;248;203;land;true;plains;1
8162;230;237;161;land;true;plains;1
8163;178;167;184;land;true;plains;1
8164;253;231;211;land;true;plains;1
8165;244;151;116;land;true;plains;1
8166;202;202;152;land;true;plains;1
8167;201;56;249;land;true;plains;1
8168;216;245;213;land;true;plains;1
8169;171;246;94;land;true;plains;1
8170;65;218;243;land;true;plains;1
8171;230;220;221;land;true;plains;1
8172;172;226;250;land;true;plains;1
8173;169;115;237;land;true;plains;1
8174;108;201;196;land;true;plains;1
8175;194;235;154;land;true;plains;1
8176;227;104;241;land;true;plains;1
8177;167;186;221;land;true;plains;1
8178;243;137;208;land;true;plains;1
8179;244;224;205;land;true;plains;1
8180;104;196;242;land;true;plains;1
8181;189;153;240;land;true;plains;1
8182;235;244;128;land;true;plains;1
8183;254;234;175;land;true;plains;1
8184;141;218;229;land;true;plains;1
8185;137;198;239;land;true;plains;1
8186;166;170;226;land;true;plains;1
8187;172;215;183;land;true;plains;1
8188;253;203;212;land;true;plains;1
8189;216;130;187;land;true;plains;1
8190;211;243;220;land;true;plains;1
8191;234;199;188;land;true;plains;1
8192;135;252;214;land;true;plains;1
8193;60;246;229;land;true;plains;1
8194;245;71;186;land;true;plains;1
8195;126;240;168;land;true;plains;1
8196;231;186;108;land;true;plains;1
8197;55;228;252;land;true;plains;1
8198;226;63;230;land;true;plains;1
8199;234;177;106;land;true;plains;1
8200;244;121;189;land;true;plains;1
8201;223;144;142;land;true;plains;1
8202;165;247;110;land;true;plains;1
8203;181;249;114;land;true;plains;1
8204;208;121;215;land;true;plains;1
8205;165;141;238;land;true;plains;1
8206;232;242;198;land;true;plains;1
8207;225;230;143;land;true;plains;1
8208;247;197;63;land;true;plains;1
8209;137;165;208;land;true;plains;1
8210;123;224;242;land;true;plains;1
8211;241;134;138;land;true;plains;1
8212;224;87;236;land;true;plains;1
8213;186;124;204;land;true;plains;1
8214;116;233;208;land;true;plains;1
8215;193;162;182;land;true;plains;1
8216;252;212;71;land;true;plains;1
8217;193;201;179;land;true;plains;1
8218;113;232;187;land;true;plains;1
8219;189;134;239;land;true;plains;1
8220;199;116;195;land;true;plains;1
8221;115;161;227;land;true;plains;1
8222;229;32;246;land;true;plains;1
8223;189;252;93;land;true;plains;1
8224;221;127;237;land;true;plains;1
8225;174;196;157;land;true;plains;1
8226;140;199;194;land;true;plains;1
8227;92;186;228;land;true;plains;1
8228;245;85;201;land;true;plains;1
8229;81;232;236;land;true;plains;1
8230;227;202;139;land;true;plains;1
8231;149;249;213;land;true;plains;1
8232;239;218;124;land;true;plains;1
8233;136;195;248;land;true;plains;1
8234;114;253;217;land;true;desert;1
8235;170;243;173;land;true;plains;1
8236;241;243;81;land;true;desert;1
8237;104;195;254;land;true;plains;1
8238;190;178;213;land;true;desert;1
8239;117;217;195;land;true;plains;1
8240;182;153;215;land;true;plains;1
8241;217;123;212;land;true;plains;1
8242;31;229;252;land;true;plains;1
8243;143;193;229;land;true;plains;1
8244;245;181;251;land;true;plains;1
8245;228;125;185;land;true;plains;1
8246;224;254;33;land;true;plains;1
8247;237;66;227;land;true;plains;1
8248;254;252;232;land;true;plains;1
8249;232;250;128;land;true;plains;1
8250;218;174;179;land;true;plains;1
8251;211;167;216;land;true;plains;1
8252;227;245;190;land;true;plains;1
8253;132;236;224;land;true;plains;1
8254;91;175;246;land;true;plains;1
8255;229;161;159;land;true;plains;1
8256;219;224;218;land;true;plains;1
8257;247;105;206;land;true;plains;1
8258;197;115;244;land;true;plains;1
8259;235;87;233;land;true;desert;1
8260;228;245;238;land;true;desert;1
8261;247;141;240;land;true;desert;1
8262;222;176;152;land;true;plains;1
8263;213;177;139;land;true;desert;1
8264;206;246;179;land;true;plains;1
8265;221;36;247;land;true;desert;1
8266;210;161;217;land;true;plains;1
8267;231;253;174;land;true;plains;1
8268;250;246;38;land;true;plains;1
8269;149;235;176;land;true;plains;1
8270;139;157;207;land;true;plains;1
8271;191;225;101;land;true;plains;1
8272;233;150;226;land;true;plains;1
8273;248;136;242;land;true;plains;1
8274;235;192;125;land;true;plains;1
8275;231;125;229;land;true;plains;1
8276;250;127;202;land;true;plains;1
8277;225;116;207;land;true;plains;1
8278;195;224;140;land;true;plains;1
8279;189;168;205;land;true;plains;1
8280;218;245;107;land;true;plains;1
8281;218;179;124;land;true;plains;1
8282;150;232;235;land;true;plains;1
8283;40;217;247;land;true;plains;1
8284;218;94;206;land;true;plains;1
8285;188;116;215;land;true;plains;1
8286;208;252;49;land;true;plains;1
8287;203;86;249;land;true;plains;1
8288;194;184;147;land;true;plains;1
8289;233;148;172;land;true;plains;1
8290;185;167;202;land;true;plains;1
8291;122;248;179;land;true;plains;1
8292;185;178;222;land;true;plains;1
8293;192;236;150;land;true;plains;1
8294;173;249;185;land;true;plains;1
8295;211;105;244;land;true;plains;1
8296;171;182;237;land;true;plains;1
8297;250;65;199;land;true;plains;1
8298;215;127;184;land;true;plains;1
8299;170;95;241;land;true;plains;1
8300;19;234;248;land;true;plains;1
8301;248;181;154;land;true;plains;1
8302;219;252;230;land;true;plains;1
8303;231;209;69;land;true;plains;1
8304;30;5;36;sea;false;ocean;0
8305;10;58;21;sea;false;ocean;0
8306;61;6;19;sea;false;ocean;0
8307;33;2;41;sea;false;ocean;0
8308;22;17;4;sea;false;ocean;0
8309;36;13;42;sea;false;ocean;0
8310;30;32;8;sea;false;ocean;0
8311;11;29;19;sea;false;ocean;0
8312;6;2;4;sea;false;ocean;0
8313;24;42;14;sea;false;ocean;0
8314;53;5;9;sea;false;ocean;0
8315;26;16;4;sea;true;ocean;0
8316;41;9;33;sea;false;ocean;0
8317;20;30;45;sea;false;ocean;0
8318;27;11;17;sea;false;ocean;0
8319;49;18;10;sea;true;ocean;0
8320;29;12;20;sea;true;ocean;0
8321;8;14;12;sea;false;ocean;0
8322;0;7;77;sea;false;ocean;0
8323;64;5;1;sea;false;ocean;0
8324;1;11;8;sea;false;ocean;0
8325;10;63;17;sea;false;ocean;0
8326;6;8;62;sea;false;ocean;0
8327;14;39;39;sea;false;ocean;0
8328;35;28;15;sea;false;ocean;0
8329;3;84;12;sea;false;ocean;0
8330;14;27;32;sea;false;ocean;0
8331;25;23;6;sea;false;ocean;0
8332;33;5;27;sea;false;ocean;0
8333;39;30;27;sea;true;ocean;0
8334;88;4;6;sea;false;ocean;0
8335;54;28;0;sea;false;ocean;0
8336;39;16;23;sea;false;ocean;0
8337;48;42;3;sea;false;ocean;0
8338;61;22;11;sea;false;ocean;0
8339;39;9;29;sea;false;ocean;0
8340;26;36;33;sea;false;ocean;0
8341;11;13;11;sea;false;ocean;0
8342;10;40;40;sea;false;ocean;0
8343;29;22;32;sea;false;ocean;0
8344;11;46;12;sea;false;ocean;0
8345;20;49;11;sea;false;ocean;0
8346;26;29;15;sea;false;ocean;0
8347;23;9;50;sea;false;ocean;0
8348;26;47;8;sea;true;ocean;0
8349;68;11;12;sea;false;ocean;0
8350;19;45;31;sea;false;ocean;0
8351;15;38;8;sea;false;ocean;0
8352;31;26;1;sea;false;ocean;0
8353;8;8;71;sea;true;ocean;0
8354;7;73;6;sea;false;ocean;0
8355;12;25;60;sea;false;ocean;0
8356;43;39;10;sea;false;ocean;0
8357;27;43;11;sea;false;ocean;0
8358;21;59;6;sea;true;ocean;0
8359;36;4;32;sea;true;ocean;0
8360;19;30;17;sea;false;ocean;0
8361;52;13;33;sea;true;ocean;0
8362;39;35;1;sea;true;ocean;0
8363;0;57;20;sea;false;ocean;0
8364;8;55;4;sea;false;ocean;0
8365;46;37;4;sea;true;ocean;0
8366;22;10;33;sea;true;ocean;0
8367;45;24;18;sea;false;ocean;0
8368;14;28;27;sea;true;ocean;0
8369;13;13;42;sea;false;ocean;0
8370;17;1;59;sea;false;ocean;0
8371;5;35;18;sea;false;ocean;0
8372;7;77;8;sea;false;ocean;0
8373;3;23;47;sea;false;ocean;0
8374;22;52;20;sea;false;ocean;0
8375;43;48;8;sea;false;ocean;0
8376;15;23;8;sea;true;ocean;0
8377;22;22;51;sea;false;ocean;0
8378;22;1;53;sea;false;ocean;0
8379;13;47;29;sea;false;ocean;0
8380;7;68;9;sea;false;ocean;0
8381;0;42;47;sea;false;ocean;0
8382;5;53;12;sea;true;ocean;0
8383;30;8;22;sea;false;ocean;0
8384;35;16;10;sea;false;ocean;0
8385;29;46;12;sea;true;ocean;0
8386;5;12;60;sea;false;ocean;0
8387;16;12;18;sea;false;ocean;0
8388;1;9;30;sea;false;ocean;0
8389;6;29;23;sea;false;ocean;0
8390;3;13;52;sea;false;ocean;0
8391;31;25;13;sea;false;ocean;0
8392;18;15;44;sea;true;ocean;0
8393;31;4;13;sea;false;ocean;0
8394;36;32;5;sea;false;ocean;0
8395;23;61;2;sea;false;ocean;0
8396;65;5;19;sea;false;ocean;0
8397;14;4;3;sea;false;ocean;0
8398;54;11;13;sea;false;ocean;0
8399;12;49;31;sea;false;ocean;0
8400;11;2;76;sea;true;ocean;0
8401;52;20;8;sea;false;ocean;0
8402;41;42;13;sea;false;ocean;0
8403;36;38;14;sea;false;ocean;0
8404;16;25;50;sea;false;ocean;0
8405;11;71;10;sea;false;ocean;0
8406;62;30;6;sea;false;ocean;0
8407;1;14;38;sea;false;ocean;0
8408;22;61;3;sea;false;ocean;0
8409;46;19;7;sea;true;ocean;0
8410;1;62;1;sea;true;ocean;0
8411;23;15;8;sea;false;ocean;0
8412;32;14;4;sea;false;ocean;0
8413;51;23;8;sea;true;ocean;0
8414;15;16;33;sea;false;ocean;0
8415;41;5;10;sea;false;ocean;0
8416;33;32;5;sea;false;ocean;0
8417;38;4;1;sea;false;ocean;0
8418;34;55;5;sea;false;ocean;0
8419;36;18;39;sea;false;ocean;0
8420;26;16;7;sea;false;ocean;0
8421;13;49;17;sea;false;ocean;0
8422;0;2;19;sea;false;ocean;0
8423;21;41;4;sea;false;ocean;0
8424;35;36;15;sea;true;ocean;0
8425;26;69;4;sea;true;ocean;0
8426;4;60;1;sea;false;ocean;0
8427;6;42;15;sea;false;ocean;0
8428;4;49;22;sea;true;ocean;0
8429;28;16;20;sea;false;ocean;0
8430;2;71;20;sea;false;ocean;0
8431;45;2;43;sea;false;ocean;0
8432;44;19;27;sea;false;ocean;0
8433;23;26;45;sea;false;ocean;0
8434;18;29;21;sea;false;ocean;0
8435;39;39;3;sea;false;ocean;0
8436;2;0;27;sea;false;ocean;0
8437;9;21;12;sea;false;ocean;0
8438;10;19;15;sea;false;ocean;0
8439;10;11;18;sea;false;ocean;0
8440;36;0;55;sea;false;ocean;0
8441;0;12;37;sea;false;ocean;0
8442;27;29;20;sea;false;ocean;0
8443;6;40;29;sea;false;ocean;0
8444;81;0;16;sea;true;ocean;0
8445;41;4;52;sea;false;ocean;0
8446;10;4;22;sea;true;ocean;0
8447;53;8;22;sea;false;ocean;0
8448;13;63;11;sea;false;ocean;0
8449;9;46;11;sea;false;ocean;0
8450;27;39;16;sea;false;ocean;0
8451;86;4;3;sea;false;ocean;0
8452;5;58;6;sea;false;ocean;0
8453;17;20;51;sea;false;ocean;0
8454;2;14;81;sea;false;ocean;0
8455;35;0;60;sea;false;ocean;0
8456;10;12;65;sea;true;ocean;0
8457;25;51;1;sea;false;ocean;0
8458;42;11;40;sea;false;ocean;0
8459;31;27;10;sea;false;ocean;0
8460;45;13;17;sea;false;ocean;0
8461;3;30;21;sea;false;ocean;0
8462;14;21;22;sea;false;ocean;0
8463;17;17;42;sea;true;ocean;0
8464;6;18;63;sea;true;ocean;0
8465;20;3;43;sea;true;ocean;0
8466;18;16;37;sea;false;ocean;0
8467;51;8;29;sea;true;ocean;0
8468;9;43;37;sea;false;ocean;0
8469;14;57;4;sea;false;ocean;0
8470;3;19;76;sea;false;ocean;0
8471;16;47;26;sea;false;ocean;0
8472;27;34;2;sea;false;ocean;0
8473;19;10;24;sea;false;ocean;0
8474;2;27;28;sea;true;ocean;0
8475;48;4;33;sea;false;ocean;0
8476;47;12;32;sea;false;ocean;0
8477;7;60;17;sea;false;ocean;0
8478;27;53;16;sea;true;ocean;0
8479;28;15;25;sea;false;ocean;0
8480;49;36;8;sea;false;ocean;0
8481;21;9;41;sea;false;ocean;0
8482;0;56;35;sea;true;ocean;0
8483;24;14;47;sea;false;ocean;0
8484;8;1;4;sea;true;ocean;0
8485;12;10;49;sea;false;ocean;0
8486;33;18;22;sea;false;ocean;0
8487;14;25;27;sea;false;ocean;0
8488;28;32;30;sea;false;ocean;0
8489;21;25;10;sea;false;ocean;0
8490;7;80;8;sea;true;ocean;0
8491;68;12;5;sea;false;ocean;0
8492;70;15;1;sea;true;ocean;0
8493;15;12;21;sea;false;ocean;0
8494;28;8;39;sea;true;ocean;0
8495;38;2;47;sea;true;ocean;0
8496;46;43;7;sea;false;ocean;0
8497;33;26;32;sea;false;ocean;0
8498;17;27;3;sea;false;ocean;0
8499;13;13;34;sea;false;ocean;0
8500;11;3;4;sea;false;ocean;0
8501;11;82;4;sea;false;ocean;0
8502;21;31;35;sea;false;ocean;0
8503;21;19;45;sea;false;ocean;0
8504;29;8;49;sea;false;ocean;0
8505;77;16;4;sea;true;ocean;0
8506;41;12;3;sea;false;ocean;0
8507;11;57;21;sea;false;ocean;0
8508;7;53;3;sea;true;ocean;0
8509;34;5;50;sea;false;ocean;0
8510;10;14;71;sea;false;ocean;0
8511;11;2;62;sea;false;ocean;0
8512;4;35;28;sea;false;ocean;0
8513;11;22;33;sea;false;ocean;0
8514;4;41;18;sea;true;ocean;0
8515;6;42;2;sea;false;ocean;0
8516;34;21;43;sea;false;ocean;0
8517;10;41;24;sea;true;ocean;0
8518;15;21;37;sea;false;ocean;0
8519;44;20;18;sea;false;ocean;0
8520;44;12;0;sea;true;ocean;0
8521;49;17;4;sea;false;ocean;0
8522;21;26;1;sea;false;ocean;0
8523;2;59;38;sea;false;ocean;0
8524;14;59;4;sea;false;ocean;0
8525;71;8;4;sea;false;ocean;0
8526;1;75;3;sea;true;ocean;0
8527;5;75;14;sea;false;ocean;0
8528;17;54;10;sea;true;ocean;0
8529;36;20;4;sea;false;ocean;0
8530;11;24;28;sea;false;ocean;0
8531;2;20;76;sea;true;ocean;0
8532;29;10;32;sea;false;ocean;0
8533;4;5;24;sea;true;ocean;0
8534;56;21;1;sea;false;ocean;0
8535;12;12;10;sea;false;ocean;0
8536;84;0;10;sea;false;ocean;0
8537;4;28;10;sea;true;ocean;0
8538;34;36;7;sea;false;ocean;0
8539;42;32;7;sea;false;ocean;0
8540;19;59;3;sea;true;ocean;0
8541;51;6;40;sea;false;ocean;0
8542;10;21;11;sea;false;ocean;0
8543;18;71;9;sea;true;ocean;0
8544;7;23;33;sea;true;ocean;0
8545;34;42;7;sea;false;ocean;0
8546;41;21;19;sea;false;ocean;0
8547;26;34;32;sea;true;ocean;0
8548;58;36;0;sea;false;ocean;0
8549;0;33;47;sea;false;ocean;0
8550;36;16;23;sea;true;ocean;0
8551;24;39;5;sea;false;ocean;0
8552;9;5;69;sea;true;ocean;0
8553;3;29;38;sea;false;ocean;0
8554;11;9;14;sea;true;ocean;0
8555;13;59;18;sea;false;ocean;0
8556;1;24;0;sea;true;ocean;0
8557;1;41;23;sea;false;ocean;0
8558;15;17;38;sea;false;ocean;0
8559;79;12;3;sea;true;ocean;0
8560;28;27;18;sea;false;ocean;0
8561;0;43;0;sea;false;ocean;0
8562;53;8;24;sea;true;ocean;0
8563;12;14;18;sea;false;ocean;0
8564;14;2;27;sea;false;ocean;0
8565;27;30;20;sea;false;ocean;0
8566;45;38;6;sea;false;ocean;0
8567;28;43;20;sea;true;ocean;0
8568;19;43;1;sea;true;ocean;0
8569;10;80;8;sea;false;ocean;0
8570;16;54;26;sea;false;ocean;0
8571;16;44;16;sea;true;ocean;0
8572;8;32;41;sea;false;ocean;0
8573;51;16;17;sea;true;ocean;0
8574;53;16;15;sea;false;ocean;0
8575;38;27;30;sea;false;ocean;0
8576;56;20;14;sea;true;ocean;0
8577;0;46;32;sea;false;ocean;0
8578;27;29;16;sea;true;ocean;0
8579;18;1;50;sea;false;ocean;0
8580;26;38;6;sea;false;ocean;0
8581;0;13;69;sea;true;ocean;0
8582;17;31;12;sea;true;ocean;0
8583;25;10;2;sea;false;ocean;0
8584;7;3;4;sea;false;ocean;0
8585;23;37;1;sea;false;ocean;0
8586;57;25;3;sea;false;ocean;0
8587;16;4;67;sea;true;ocean;0
8588;41;15;38;sea;false;ocean;0
8589;4;28;45;sea;false;ocean;0
8590;7;74;9;sea;false;ocean;0
8591;27;29;33;sea;false;ocean;0
8592;38;16;15;sea;true;ocean;0
8593;22;10;20;sea;true;ocean;0
8594;9;6;39;sea;false;ocean;0
8595;51;4;27;sea;true;ocean;0
8596;35;47;17;sea;false;ocean;0
8597;40;24;7;sea;true;ocean;0
8598;67;16;16;sea;true;ocean;0
8599;11;0;47;sea;true;ocean;0
8600;21;14;22;sea;false;ocean;0
8601;18;53;25;sea;true;ocean;0
8602;14;44;20;sea;false;ocean;0
8603;0;17;38;sea;false;ocean;0
8604;46;19;25;sea;false;ocean;0
8605;20;7;42;sea;true;ocean;0
8606;21;50;23;sea;false;ocean;0
8607;25;31;17;sea;true;ocean;0
8608;58;15;17;sea;false;ocean;0
8609;35;52;3;sea;false;ocean;0
8610;62;5;28;sea;false;ocean;0
8611;42;4;6;sea;false;ocean;0
8612;37;23;12;sea;true;ocean;0
8613;9;29;2;sea;false;ocean;0
8614;6;35;13;sea;false;ocean;0
8615;0;21;49;sea;true;ocean;0
8616;21;21;16;sea;false;ocean;0
8617;35;49;14;sea;false;ocean;0
8618;1;20;21;sea;false;ocean;0
8619;42;15;9;sea;false;ocean;0
8620;22;49;17;sea;false;ocean;0
8621;7;24;49;sea;false;ocean;0
8622;31;3;32;sea;false;ocean;0
8623;0;12;24;sea;false;ocean;0
8624;16;1;26;sea;true;ocean;0
8625;3;75;15;sea;false;ocean;0
8626;34;25;6;sea;true;ocean;0
8627;58;29;3;sea;false;ocean;0
8628;16;18;58;sea;false;ocean;0
8629;54;39;3;sea;false;ocean;0
8630;22;2;43;sea;false;ocean;0
8631;18;41;17;sea;false;ocean;0
8632;32;26;9;sea;false;ocean;0
8633;61;26;5;sea;false;ocean;0
8634;9;24;44;sea;false;ocean;0
8635;11;28;24;sea;true;ocean;0
8636;29;53;16;sea;true;ocean;0
8637;19;66;3;sea;false;ocean;0
8638;4;36;48;sea;false;ocean;0
8639;6;13;80;sea;true;ocean;0
8640;57;7;32;sea;true;ocean;0
8641;23;26;37;sea;true;ocean;0
8642;12;38;42;sea;false;ocean;0
8643;6;53;33;sea;false;ocean;0
8644;38;26;25;sea;false;ocean;0
8645;3;40;49;sea;true;ocean;0
8646;22;64;0;sea;true;ocean;0
8647;23;32;5;sea;true;ocean;0
8648;75;20;2;sea;false;ocean;0
8649;36;35;3;sea;false;ocean;0
8650;4;38;31;sea;true;ocean;0
8651;1;9;2;sea;false;ocean;0
8652;62;1;21;sea;false;ocean;0
8653;4;14;61;sea;false;ocean;0
8654;1;77;16;sea;true;ocean;0
8655;35;5;50;sea;false;ocean;0
8656;0;41;29;sea;false;ocean;0
8657;11;50;5;sea;true;ocean;0
8658;13;19;4;sea;true;ocean;0
8659;63;4;1;sea;false;ocean;0
8660;39;52;4;sea;false;ocean;0
8661;11;5;16;sea;false;ocean;0
8662;40;0;59;sea;true;ocean;0
8663;0;2;67;sea;false;ocean;0
8664;1;38;11;sea;true;ocean;0
8665;2;33;15;sea;false;ocean;0
8666;18;18;54;sea;false;ocean;0
8667;5;4;47;sea;false;ocean;0
8668;58;23;10;sea;false;ocean;0
8669;41;35;8;sea;true;ocean;0
8670;42;41;8;sea;true;ocean;0
8671;23;63;9;sea;false;ocean;0
8672;13;30;0;sea;false;ocean;0
8673;11;29;27;sea;false;ocean;0
8674;0;54;9;sea;false;ocean;0
8675;13;31;17;sea;false;ocean;0
8676;15;12;58;sea;true;ocean;0
8677;12;4;36;sea;false;ocean;0
8678;22;21;29;sea;true;ocean;0
8679;5;41;52;sea;false;ocean;0
8680;15;4;55;sea;false;ocean;0
8681;32;19;39;sea;true;ocean;0
8682;55;0;28;sea;false;ocean;0
8683;15;48;0;sea;false;ocean;0
8684;30;0;27;sea;false;ocean;0
8685;77;0;13;sea;false;ocean;0
8686;8;35;18;sea;false;ocean;0
8687;15;14;45;sea;false;ocean;0
8688;41;4;37;sea;false;ocean;0
8689;2;36;33;sea;false;ocean;0
8690;54;41;3;sea;true;ocean;0
8691;48;1;26;sea;false;ocean;0
8692;4;53;39;sea;false;ocean;0
8693;9;19;52;sea;false;ocean;0
8694;10;5;73;sea;false;ocean;0
8695;6;39;25;sea;false;ocean;0
8696;86;11;0;sea;true;ocean;0
8697;67;14;1;sea;false;ocean;0
8698;24;43;31;sea;false;ocean;0
8699;55;14;9;sea;false;ocean;0
8700;35;1;34;sea;false;ocean;0
8701;14;71;11;sea;false;ocean;0
8702;33;3;43;sea;false;ocean;0
8703;37;23;15;sea;false;ocean;0
8704;26;56;9;sea;false;ocean;0
8705;8;14;2;sea;false;ocean;0
8706;12;29;1;sea;false;ocean;0
8707;0;35;12;sea;false;ocean;0
8708;34;16;48;sea;false;ocean;0
8709;7;41;51;sea;true;ocean;0
8710;49;30;17;sea;true;ocean;0
8711;25;44;0;sea;true;ocean;0
8712;28;14;48;sea;false;ocean;0
8713;26;20;16;sea;true;ocean;0
8714;12;73;9;sea;true;ocean;0
8715;10;11;46;sea;false;ocean;0
8716;28;30;36;sea;true;ocean;0
8717;10;4;12;sea;true;ocean;0
8718;37;18;15;sea;false;ocean;0
8719;7;70;18;sea;false;ocean;0
8720;30;8;53;sea;false;ocean;0
8721;67;21;1;sea;true;ocean;0
8722;2;35;16;sea;false;ocean;0
8723;39;2;46;sea;false;ocean;0
8724;16;15;31;sea;false;ocean;0
8725;40;16;25;sea;true;ocean;0
8726;47;19;19;sea;false;ocean;0
8727;11;62;22;sea;true;ocean;0
8728;24;36;11;sea;true;ocean;0
8729;22;32;2;sea;false;ocean;0
8730;23;20;25;sea;false;ocean;0
8731;55;4;7;sea;false;ocean;0
8732;9;35;45;sea;false;ocean;0
8733;14;26;8;sea;true;ocean;0
8734;23;28;34;sea;true;ocean;0
8735;15;6;47;sea;true;ocean;0
8736;22;37;16;sea;false;ocean;0
8737;19;55;5;sea;false;ocean;0
8738;5;3;42;sea;false;ocean;0
8739;15;23;46;sea;true;ocean;0
8740;17;3;65;sea;false;ocean;0
8741;20;17;13;sea;false;ocean;0
8742;9;29;15;sea;false;ocean;0
8743;35;17;16;sea;true;ocean;0
8744;41;2;8;sea;false;ocean;0
8745;38;33;10;sea;true;ocean;0
8746;4;34;37;sea;true;ocean;0
8747;7;5;60;sea;false;ocean;0
8748;67;5;7;sea;false;ocean;0
8749;10;39;19;sea;false;ocean;0
8750;9;6;22;sea;false;ocean;0
8751;6;65;23;sea;false;ocean;0
8752;4;0;41;sea;true;ocean;0
8753;61;8;13;sea;false;ocean;0
8754;15;35;5;sea;false;ocean;0
8755;37;8;29;sea;false;ocean;0
8756;21;16;61;sea;false;ocean;0
8757;57;31;0;sea;false;ocean;0
8758;16;2;38;sea;true;ocean;0
8759;7;52;25;sea;false;ocean;0
8760;45;3;8;sea;true;ocean;0
8761;13;53;11;sea;false;ocean;0
8762;14;17;11;sea;false;ocean;0
8763;2;73;13;sea;false;ocean;0
8764;30;0;9;sea;true;ocean;0
8765;12;4;75;sea;false;ocean;0
8766;6;43;26;sea;true;ocean;0
8767;9;36;28;sea;false;ocean;0
8768;25;4;26;sea;false;ocean;0
8769;3;80;16;sea;true;ocean;0
8770;34;27;17;sea;false;ocean;0
8771;10;36;28;sea;false;ocean;0
8772;42;25;5;sea;true;ocean;0
8773;10;36;37;sea;true;ocean;0
8774;33;2;63;sea;false;ocean;0
8775;1;19;30;sea;false;ocean;0
8776;0;52;18;sea;false;ocean;0
8777;41;8;16;sea;false;ocean;0
8778;32;20;33;sea;true;ocean;0
8779;9;23;50;sea;false;ocean;0
8780;55;12;18;sea;true;ocean;0
8781;56;27;9;sea;true;ocean;0
8782;2;85;5;sea;true;ocean;0
8783;19;29;47;sea;false;ocean;0
8784;18;49;14;sea;true;ocean;0
8785;30;13;24;sea;true;ocean;0
8786;5;0;2;sea;true;ocean;0
8787;6;66;21;sea;true;ocean;0
8788;5;64;8;sea;true;ocean;0
8789;15;0;8;sea;false;ocean;0
8790;56;5;33;sea;true;ocean;0
8791;30;33;28;sea;false;ocean;0
8792;30;15;16;sea;true;ocean;0
8793;0;10;77;sea;true;ocean;0
8794;3;4;91;sea;true;ocean;0
8795;11;5;47;sea;false;ocean;0
8796;38;1;1;sea;false;ocean;0
8797;9;32;38;sea;false;ocean;0
8798;26;14;3;sea;false;ocean;0
8799;78;14;6;sea;false;ocean;0
8800;16;10;11;sea;false;ocean;0
8801;9;24;2;sea;false;ocean;0
8802;12;41;3;sea;false;ocean;0
8803;23;17;9;sea;false;ocean;0
8804;25;34;9;sea;true;ocean;0
8805;12;21;44;sea;false;ocean;0
8806;20;13;47;sea;false;ocean;0
8807;23;9;39;sea;false;ocean;0
8808;4;62;21;sea;true;ocean;0
8809;53;1;0;sea;false;ocean;0
8810;6;48;18;sea;false;ocean;0
8811;3;24;25;sea;false;ocean;0
8812;72;16;3;sea;true;ocean;0
8813;22;49;15;sea;true;ocean;0
8814;27;18;3;sea;false;ocean;0
8815;38;38;8;sea;true;ocean;0
8816;31;49;0;sea;false;ocean;0
8817;29;4;57;sea;false;ocean;0
8818;9;9;50;sea;false;ocean;0
8819;33;5;38;sea;true;ocean;0
8820;44;26;2;sea;false;ocean;0
8821;9;45;3;sea;true;ocean;0
8822;26;0;22;sea;false;ocean;0
8823;33;11;41;sea;false;ocean;0
8824;5;2;89;sea;true;ocean;0
8825;3;6;8;sea;false;ocean;0
8826;16;20;42;sea;false;ocean;0
8827;22;51;13;sea;false;ocean;0
8828;31;43;6;sea;true;ocean;0
8829;2;27;65;sea;false;ocean;0
8830;70;15;10;sea;true;ocean;0
8831;15;51;32;sea;false;ocean;0
8832;3;31;46;sea;false;ocean;0
8833;30;13;6;sea;false;ocean;0
8834;56;4;7;sea;false;ocean;0
8835;41;12;17;sea;false;ocean;0
8836;34;50;10;sea;false;ocean;0
8837;5;74;11;sea;false;ocean;0
8838;6;40;46;sea;true;ocean;0
8839;17;65;1;sea;false;ocean;0
8840;4;9;14;sea;false;ocean;0
8841;25;25;20;sea;true;ocean;0
8842;8;4;11;sea;true;ocean;0
8843;16;12;59;sea;false;ocean;0
8844;12;16;0;sea;true;ocean;0
8845;3;42;48;sea;false;ocean;0
8846;6;45;9;sea;false;ocean;0
8847;66;22;8;sea;true;ocean;0
8848;12;29;18;sea;false;ocean;0
8849;5;55;36;sea;true;ocean;0
8850;26;50;1;sea;false;ocean;0
8851;17;37;27;sea;false;ocean;0
8852;2;1;95;sea;false;ocean;0
8853;2;9;65;sea;false;ocean;0
8854;50;12;1;sea;true;ocean;0
8855;2;19;56;sea;false;ocean;0
8856;9;33;20;sea;true;ocean;0
8857;10;66;3;sea;true;ocean;0
8858;0;53;6;sea;false;ocean;0
8859;13;20;52;sea;true;ocean;0
8860;1;28;34;sea;false;ocean;0
8861;43;4;13;sea;false;ocean;0
8862;14;43;2;sea;false;ocean;0
8863;19;44;34;sea;false;ocean;0
8864;15;78;1;sea;false;ocean;0
8865;13;19;51;sea;false;ocean;0
8866;11;46;23;sea;false;ocean;0
8867;23;13;36;sea;true;ocean;0
8868;51;3;7;sea;true;ocean;0
8869;23;74;0;sea;false;ocean;0
8870;31;17;46;sea;true;ocean;0
8871;7;49;39;sea;true;ocean;0
8872;23;4;10;sea;true;ocean;0
8873;19;22;20;sea;false;ocean;0
8874;62;13;6;sea;false;ocean;0
8875;33;21;14;sea;true;ocean;0
8876;78;0;5;sea;true;ocean;0
8877;27;7;35;sea;false;ocean;0
8878;68;8;6;sea;false;ocean;0
8879;15;33;16;sea;true;ocean;0
8880;12;63;5;sea;false;ocean;0
8881;7;16;31;sea;true;ocean;0
8882;12;48;14;sea;false;ocean;0
8883;37;29;6;sea;false;ocean;0
8884;40;40;15;sea;false;ocean;0
8885;1;44;4;sea;false;ocean;0
8886;20;54;8;sea;true;ocean;0
8887;15;31;38;sea;false;ocean;0
8888;27;27;6;sea;false;ocean;0
8889;69;0;5;sea;false;ocean;0
8890;19;26;24;sea;false;ocean;0
8891;15;6;6;sea;false;ocean;0
8892;51;9;33;sea;false;ocean;0
8893;43;32;9;sea;true;ocean;0
8894;27;23;30;sea;false;ocean;0
8895;27;19;23;sea;false;ocean;0
8896;75;2;11;sea;false;ocean;0
8897;2;7;48;sea;false;ocean;0
8898;8;1;45;sea;false;ocean;0
8899;8;0;86;sea;true;ocean;0
8900;27;21;40;sea;true;ocean;0
8901;51;8;8;sea;false;ocean;0
8902;8;24;43;sea;true;ocean;0
8903;56;7;2;sea;false;ocean;0
8904;30;25;2;sea;false;ocean;0
8905;29;23;4;sea;true;ocean;0
8906;5;12;75;sea;false;ocean;0
8907;5;16;46;sea;false;ocean;0
8908;6;0;7;sea;false;ocean;0
8909;8;13;14;sea;true;ocean;0
8910;29;46;24;sea;true;ocean;0
8911;19;63;11;sea;false;ocean;0
8912;31;1;11;sea;false;ocean;0
8913;38;18;10;sea;false;ocean;0
8914;51;39;6;sea;false;ocean;0
8915;25;12;25;sea;false;ocean;0
8916;36;9;37;sea;false;ocean;0
8917;0;38;49;sea;false;ocean;0
8918;32;4;19;sea;false;ocean;0
8919;1;42;50;sea;false;ocean;0
8920;96;0;1;sea;false;ocean;0
8921;18;75;5;sea;false;ocean;0
8922;31;4;22;sea;true;ocean;0
8923;47;1;30;sea;true;ocean;0
8924;32;1;1;sea;false;ocean;0
8925;2;11;9;sea;false;ocean;0
8926;37;8;18;sea;true;ocean;0
8927;19;4;37;sea;false;ocean;0
8928;30;0;68;sea;true;ocean;0
8929;6;8;51;sea;false;ocean;0
8930;36;14;42;sea;false;ocean;0
8931;10;13;63;sea;true;ocean;0
8932;23;19;26;sea;true;ocean;0
8933;44;21;32;sea;false;ocean;0
8934;14;48;18;sea;false;ocean;0
8935;15;27;53;sea;true;ocean;0
8936;15;44;29;sea;false;ocean;0
8937;4;19;44;sea;false;ocean;0
8938;7;25;2;sea;false;ocean;0
8939;23;25;1;sea;true;ocean;0
8940;14;14;5;sea;false;ocean;0
8941;17;29;35;sea;false;ocean;0
8942;64;3;4;sea;false;ocean;0
8943;34;2;20;sea;false;ocean;0
8944;3;2;7;sea;false;ocean;0
8945;30;48;18;sea;true;ocean;0
8946;19;24;27;sea;true;ocean;0
8947;35;14;44;sea;false;ocean;0
8948;4;29;47;sea;false;ocean;0
8949;62;7;24;sea;false;ocean;0
8950;13;35;22;sea;true;ocean;0
8951;67;9;14;sea;false;ocean;0
8952;46;22;3;sea;false;ocean;0
8953;3;16;64;sea;true;ocean;0
8954;24;25;3;sea;true;ocean;0
8955;14;50;26;sea;true;ocean;0
8956;18;19;14;sea;true;ocean;0
8957;62;14;20;sea;false;ocean;0
8958;62;0;11;sea;false;ocean;0
8959;25;8;21;sea;true;ocean;0
8960;57;33;8;sea;true;ocean;0
8961;5;3;53;sea;true;ocean;0
8962;37;8;0;sea;true;ocean;0
8963;56;0;26;sea;true;ocean;0
8964;37;2;44;sea;true;ocean;0
8965;20;6;11;sea;false;ocean;0
8966;13;7;17;sea;false;ocean;0
8967;11;46;27;sea;false;ocean;0
8968;9;41;9;sea;false;ocean;0
8969;68;9;22;sea;true;ocean;0
8970;62;1;23;sea;false;ocean;0
8971;20;19;2;sea;false;ocean;0
8972;2;21;64;sea;false;ocean;0
8973;6;20;32;sea;false;ocean;0
8974;7;27;14;sea;true;ocean;0
8975;9;31;21;sea;true;ocean;0
8976;39;15;5;sea;true;ocean;0
8977;32;8;39;sea;true;ocean;0
8978;5;24;6;sea;false;ocean;0
8979;37;4;10;sea;false;ocean;0
8980;9;44;16;sea;true;ocean;0
8981;13;6;8;sea;false;ocean;0
8982;40;14;44;sea;true;ocean;0
8983;16;3;43;sea;false;ocean;0
8984;28;14;31;sea;false;ocean;0
8985;26;27;39;sea;false;ocean;0
8986;1;2;31;sea;true;ocean;0
8987;25;0;53;sea;false;ocean;0
8988;11;13;19;sea;false;ocean;0
8989;34;6;57;sea;true;ocean;0
8990;15;15;53;sea;false;ocean;0
8991;17;6;64;sea;false;ocean;0
8992;4;50;44;sea;true;ocean;0
8993;8;26;13;sea;false;ocean;0
8994;5;25;23;sea;true;ocean;0
8995;9;21;48;sea;true;ocean;0
8996;22;28;4;sea;false;ocean;0
8997;9;2;25;sea;false;ocean;0
8998;17;37;3;sea;false;ocean;0
8999;11;7;33;sea;false;ocean;0
9000;31;8;34;sea;true;ocean;0
9001;31;28;6;sea;true;ocean;0
9002;25;30;15;sea;true;ocean;0
9003;41;31;6;sea;true;ocean;0
9004;22;38;7;sea;false;ocean;0
9005;28;33;28;sea;false;ocean;0
9006;38;4;12;sea;false;ocean;0
9007;50;22;4;sea;true;ocean;0
9008;17;15;37;sea;false;ocean;0
9009;42;18;8;sea;false;ocean;0
9010;3;2;77;sea;false;ocean;0
9011;41;34;20;sea;true;ocean;0
9012;7;15;32;sea;true;ocean;0
9013;58;20;4;sea;false;ocean;0
9014;30;14;47;sea;true;ocean;0
9015;46;22;29;sea;false;ocean;0
9016;38;33;23;sea;false;ocean;0
9017;45;7;11;sea;false;ocean;0
9018;35;27;34;sea;false;ocean;0
9019;58;7;32;sea;false;ocean;0
9020;62;22;10;sea;false;ocean;0
9021;13;9;49;sea;true;ocean;0
9022;17;11;32;sea;true;ocean;0
9023;10;15;0;sea;true;ocean;0
9024;32;2;43;sea;false;ocean;0
9025;5;65;28;sea;false;ocean;0
9026;21;11;3;sea;false;ocean;0
9027;4;49;2;sea;true;ocean;0
9028;3;19;22;sea;false;ocean;0
9029;19;37;16;sea;true;ocean;0
9030;16;25;57;sea;true;ocean;0
9031;7;16;76;sea;false;ocean;0
9032;27;14;13;sea;false;ocean;0
9033;11;19;12;sea;true;ocean;0
9034;43;21;23;sea;true;ocean;0
9035;7;19;53;sea;true;ocean;0
9036;11;18;6;sea;true;ocean;0
9037;41;1;15;sea;true;ocean;0
9038;25;11;24;sea;false;ocean;0
9039;30;5;8;sea;false;ocean;0
9040;5;43;3;sea;false;ocean;0
9041;2;67;2;sea;false;ocean;0
9042;45;27;22;sea;false;ocean;0
9043;19;42;7;sea;false;ocean;0
9044;21;35;4;sea;true;ocean;0
9045;47;17;31;sea;false;ocean;0
9046;12;50;14;sea;true;ocean;0
9047;18;27;54;sea;false;ocean;0
9048;19;28;34;sea;true;ocean;0
9049;9;44;1;sea;false;ocean;0
9050;11;27;30;sea;false;ocean;0
9051;18;1;31;sea;false;ocean;0
9052;68;14;2;sea;false;ocean;0
9053;30;27;31;sea;false;ocean;0
9054;14;79;0;sea;false;ocean;0
9055;0;34;14;sea;false;ocean;0
9056;45;17;34;sea;false;ocean;0
9057;35;2;20;sea;false;ocean;0
9058;2;26;61;sea;false;ocean;0
9059;3;23;10;sea;true;ocean;0
9060;7;8;43;sea;true;ocean;0
9061;49;18;19;sea;true;ocean;0
9062;2;3;41;sea;false;ocean;0
9063;0;23;0;sea;false;ocean;0
9064;40;1;1;sea;true;ocean;0
9065;50;29;13;sea;true;ocean;0
9066;10;4;4;sea;false;ocean;0
9067;17;51;6;sea;true;ocean;0
9068;3;9;23;sea;false;ocean;0
9069;11;23;50;sea;false;ocean;0
9070;43;18;29;sea;true;ocean;0
9071;26;22;2;sea;true;ocean;0
9072;24;6;18;sea;false;ocean;0
9073;5;88;3;sea;true;ocean;0
9074;36;6;50;sea;true;ocean;0
9075;13;30;3;sea;false;ocean;0
9076;61;7;15;sea;false;ocean;0
9077;3;27;24;sea;false;ocean;0
9078;4;44;15;sea;true;ocean;0
9079;5;19;46;sea;false;ocean;0
9080;13;52;2;sea;true;ocean;0
9081;13;29;3;sea;true;ocean;0
9082;20;32;31;sea;false;ocean;0
9083;27;22;38;sea;false;ocean;0
9084;65;12;10;sea;false;ocean;0
9085;5;6;60;sea;true;ocean;0
9086;14;2;60;sea;false;ocean;0
9087;5;24;44;sea;true;ocean;0
9088;8;0;20;sea;false;ocean;0
9089;11;22;48;sea;false;ocean;0
9090;25;15;39;sea;false;ocean;0
9091;37;3;8;sea;true;ocean;0
9092;2;24;3;sea;false;ocean;0
9093;11;22;0;sea;false;ocean;0
9094;1;42;55;sea;false;ocean;0
9095;31;0;37;sea;false;ocean;0
9096;53;76;11;lake;false;lakes;0
9097;51;8;75;lake;false;lakes;0
9098;12;0;90;lake;false;lakes;0
9099;71;36;41;lake;false;lakes;0
9100;37;67;10;lake;false;lakes;0
9101;91;13;3;lake;false;lakes;0
9102;91;45;0;lake;false;lakes;0
9103;51;41;31;lake;false;lakes;0
9104;84;27;28;lake;false;lakes;0
9105;44;10;91;lake;false;lakes;0
9106;26;2;79;lake;false;lakes;0
9107;97;14;15;lake;false;lakes;0
9108;2;82;34;lake;false;lakes;0
9109;22;45;41;lake;false;lakes;0
9110;24;25;90;lake;false;lakes;0
9111;40;28;51;lake;false;lakes;0
9112;61;28;43;lake;false;lakes;0
9113;31;71;18;lake;false;lakes;0
9114;70;13;32;lake;false;lakes;0
9115;84;39;2;lake;false;lakes;0
9116;36;60;21;lake;false;lakes;0
9117;54;21;62;lake;false;lakes;0
9118;115;10;12;lake;false;lakes;0
9119;10;135;0;lake;false;lakes;0
9120;98;4;47;lake;false;lakes;0
9121;1;68;45;lake;false;lakes;0
9122;12;129;5;lake;false;lakes;0
9123;49;49;9;lake;false;lakes;0
9124;13;5;108;lake;false;lakes;0
9125;144;146;230;land;true;urban;1
9126;200;200;200;land;false;urban;1
9127;250;200;200;land;false;urban;1
9128;200;250;200;land;false;urban;1
9129;200;200;250;land;false;urban;1
9130;100;150;100;land;false;urban;1
9131;100;100;100;land;false;urban;1
9132;200;200;150;land;false;urban;1
9133;200;100;200;land;false;urban;1
9134;200;200;100;land;false;urban;1
9135;100;160;100;land;false;tonnel;1
9136;10;160;10;land;false;tonnel;1
9137;100;16;100;land;false;tonnel;1
9138;100;16;10;land;false;tonnel;1
9139;10;16;10;land;false;hills;1
9140;1;16;10;land;false;hills;1
9141;10;16;1;land;false;hills;1
9142;200;100;100;land;false;hills;1
9143;20;10;10;land;false;hills;1
9144;201;5;100;land;false;hills;1
9145;200;5;250;land;false;plains;1
9146;250;5;250;land;false;plains;1
9147;222;222;222;land;false;plains;1
9148;111;111;111;land;false;plains;1
9149;40;40;40;land;false;urban;1
9150;50;50;10;land;false;plains;1
9151;50;50;50;land;false;plains;1
9152;10;20;30;land;false;hills;1
9153;12;34;56;land;false;hills;1
9154;33;33;33;land;false;urban;1
9155;101;201;241;land;false;forest;1
9156;238;31;161;land;false;forest;1
9157;238;175;93;land;false;forest;1
9158;123;167;198;land;false;desert;1
9159;247;73;78;land;false;plains;1
9160;190;73;195;land;false;plains;1
9161;234;170;97;land;true;forest;1
9162;100;170;218;land;true;forest;1
9163;201;238;113;land;false;forest;1
9164;200;57;200;land;false;forest;1
9165;235;120;116;land;false;forest;1
9166;100;238;120;land;false;forest;1
9167;100;238;200;land;false;forest;1
9168;186;120;143;land;false;forest;1
9169;132;57;226;land;false;forest;1
9170;200;180;150;land;false;mountain;1
9171;10;150;150;land;false;mountain;1
9172;30;100;250;land;false;mountain;1
9173;93;211;201;land;true;plains;1
9174;166;211;141;land;true;plains;1
9175;211;158;170;land;true;plains;1
9176;194;209;83;land;false;plains;1
9177;207;211;120;land;false;mountain;1
9178;211;165;135;land;true;plains;1
9179;247;156;71;land;true;plains;1
9180;248;248;183;land;true;plains;1
9181;247;158;217;land;true;plains;1
9182;200;106;247;land;true;plains;1
9183;197;247;170;land;false;plains;1
9184;191;178;247;land;false;plains;1
9185;93;247;140;land;false;plains;1
9186;140;167;247;land;false;plains;1
9187;230;247;136;land;false;plains;1
9188;244;110;168;land;true;plains;1
9189;229;200;244;land;true;plains;1
9190;190;244;208;land;true;plains;1
9191;226;186;244;land;true;plains;1
9192;169;232;242;land;true;plains;1
9193;165;242;150;land;true;plains;1
9194;116;227;200;land;true;plains;1
9195;226;223;201;land;false;plains;1
9196;210;206;226;land;false;plains;1
9197;226;138;178;land;true;plains;1
9198;222;252;223;land;false;plains;1
9199;169;249;252;land;true;plains;1
9200;183;159;162;land;true;plains;1
9201;158;193;52;land;false;mountain;1
9202;81;188;181;land;true;plains;1
9203;188;83;142;land;false;plains;1
9204;188;144;96;land;true;plains;1
9205;175;135;188;land;true;plains;1
9206;188;170;166;land;true;plains;1
9207;145;157;186;land;false;plains;1
9208;186;140;119;land;false;plains;1
9209;101;165;101;land;false;plains;1
9210;207;204;209;land;false;plains;1
9211;206;117;162;land;false;plains;1
9212;159;206;160;land;false;plains;1
9213;95;206;78;land;false;plains;1
9214;191;206;28;land;false;plains;1
9215;165;98;82;land;false;plains;1
9216;165;165;66;land;false;plains;1
9217;211;109;71;land;true;plains;1
9218;63;145;134;land;true;desert;1
9219;77;70;153;land;false;desert;1
9220;96;92;137;land;false;desert;1
9221;140;85;160;land;false;desert;1
9222;93;153;142;land;false;desert;1
9223;45;188;162;land;false;desert;1
9224;175;54;109;land;false;desert;1
9225;150;73;108;land;false;desert;1
9226;150;60;173;land;false;desert;1
9227;128;102;135;land;false;desert;1
9228;126;204;197;land;false;desert;1
9229;134;183;179;land;false;desert;1
9230;108;62;224;land;false;desert;1
9231;174;163;204;land;false;desert;1
9232;118;101;160;land;false;desert;1
9233;136;107;113;land;false;desert;1
9234;173;106;0;land;false;desert;1
9235;196;172;133;land;false;desert;1
9236;134;14;145;land;false;desert;1
9237;158;112;135;land;false;desert;1
9238;145;59;97;land;false;desert;1
9239;164;84;196;land;false;desert;1
9240;147;181;106;land;false;desert;1
9241;146;130;153;land;false;desert;1
9242;164;165;91;land;true;desert;1
9243;49;105;145;land;false;desert;1
9244;98;196;196;land;false;desert;1
9245;108;173;216;land;false;desert;1
9246;46;117;150;land;false;desert;1
9247;52;188;188;land;false;desert;1
9248;111;152;153;land;false;desert;1
9249;148;148;204;land;false;desert;1
9250;88;206;153;land;false;desert;1
9251;132;154;181;land;false;desert;1
9252;59;191;206;land;false;desert;1
9253;171;120;193;land;false;desert;1
9254;193;71;70;land;false;desert;1
9255;193;71;151;land;false;desert;1
9256;49;142;101;land;false;desert;1
9257;49;142;175;land;false;desert;1
9258;151;142;101;land;false;desert;1
9259;193;136;131;land;true;desert;1
9260;120;61;175;land;false;desert;1
9261;247;170;123;land;false;desert;1
9262;181;170;27;land;false;desert;1
9263;175;89;170;land;false;desert;1
9264;173;155;76;land;false;desert;1
9265;252;188;111;land;false;desert;1
9266;140;88;232;land;false;desert;1
9267;4;161;219;land;false;desert;1
9268;198;73;97;land;false;desert;1
9269;105;211;211;land;false;desert;1
9270;234;123;96;land;false;desert;1
9271;82;82;234;land;false;desert;1
9272;202;151;83;land;false;desert;1
9273;202;78;178;land;false;desert;1
9274;202;78;83;land;false;desert;1
9275;61;98;145;land;false;desert;1
9276;165;196;124;land;false;desert;1
9277;198;147;97;land;false;desert;1
9278;198;87;137;land;false;desert;1
9279;144;196;80;land;false;desert;1
9280;144;136;55;land;false;desert;1
9281;93;132;198;land;false;desert;1
9282;213;129;78;land;false;desert;1
9283;211;78;105;land;false;desert;1
9284;159;82;242;land;false;desert;1
9285;216;110;88;land;false;desert;1
9286;97;120;124;land;false;desert;1
9287;206;186;115;land;false;desert;1
9288;62;186;115;land;false;desert;1
9289;204;172;99;land;true;desert;1
9290;238;147;29;land;false;desert;1
9291;168;226;31;land;true;desert;1
9292;172;226;177;land;true;desert;1
9293;49;216;158;land;false;desert;1
9294;157;172;249;land;false;desert;1
9295;204;161;66;land;false;desert;1
9296;204;161;199;land;false;desert;1
9297;78;170;71;land;false;desert;1
9298;143;128;151;land;false;desert;1
9299;119;145;88;land;false;desert;1
9300;147;128;89;land;false;desert;1
9301;147;221;167;land;false;desert;1
9302;171;77;209;land;false;desert;1
9303;114;109;165;land;false;desert;1
9304;93;163;209;land;false;desert;1
9305;190;93;135;land;false;desert;1
9306;213;163;209;land;false;desert;1
9307;128;145;135;land;false;desert;1
9308;171;163;209;land;false;desert;1
9309;128;232;135;land;false;desert;1
9310;8;97;209;land;false;desert;1
9311;198;92;0;land;false;desert;1
9312;175;107;148;land;false;desert;1
9313;120;102;129;land;false;desert;1
9314;183;135;148;land;false;desert;1
9315;82;96;153;land;false;desert;1
9316;74;165;132;land;false;desert;1
9317;78;119;122;land;false;desert;1
9318;121;150;105;land;false;desert;1
9319;151;168;38;land;false;desert;1
9320;151;168;140;land;false;desert;1
9321;130;160;152;land;false;desert;1
9322;43;162;168;land;false;desert;1
9323;150;124;63;land;false;desert;1
9324;153;85;181;land;false;desert;1
9325;68;44;160;land;false;desert;1
9326;133;143;160;land;false;desert;1
9327;147;149;93;land;false;desert;1
9328;150;181;66;land;true;desert;1
9329;206;192;132;land;false;desert;1
9330;224;89;150;land;false;desert;1
9331;150;142;103;land;false;desert;1
9332;150;133;46;land;true;desert;1
9333;150;116;114;land;false;desert;1
9334;159;90;168;land;false;desert;1
9335;165;79;138;land;false;desert;1
9336;133;38;168;land;false;desert;1
9337;198;38;168;land;false;desert;1
9338;198;38;105;land;false;desert;1
9339;115;134;137;land;false;desert;1
9340;155;165;91;land;false;desert;1
9341;155;97;91;land;false;desert;1
9342;160;62;101;land;false;desert;1
9343;160;62;147;land;false;desert;1
9344;136;97;181;land;false;desert;1
9345;145;104;104;land;false;desert;1
9346;145;186;104;land;true;desert;1
9347;135;137;133;land;false;desert;1
9348;135;213;133;land;false;desert;1
9349;225;165;182;land;true;desert;1
9350;168;120;143;land;false;desert;1
9351;204;122;191;land;false;desert;1
9352;164;175;124;land;false;desert;1
9353;163;132;173;land;false;desert;1
9354;196;143;102;land;false;desert;1
9355;97;204;181;land;false;desert;1
9356;216;73;183;land;false;desert;1
9357;127;122;121;land;false;desert;1
9358;201;122;121;land;false;desert;1
9359;90;167;132;land;false;desert;1
9360;174;150;118;land;false;desert;1
9361;184;188;71;land;false;desert;1
9362;116;188;71;land;false;desert;1
9363;190;145;55;land;false;desert;1
9364;229;188;210;land;false;desert;1
9365;183;123;97;land;false;desert;1
9366;95;107;175;land;false;desert;1
9367;175;127;93;land;true;plains;1
9368;186;79;26;land;true;plains;1
9369;188;187;101;land;false;forest;1
9370;188;70;101;land;true;plains;1
9371;188;187;205;land;false;plains;1
9372;143;83;181;land;true;plains;1
9373;173;136;72;land;true;plains;1
9374;204;161;184;land;true;plains;1
9375;71;158;113;land;true;plains;1
9376;167;158;163;land;true;plains;1
9377;101;158;28;land;true;plains;1
9378;71;158;158;land;true;plains;1
9379;206;188;107;land;false;unknown;0
9380;141;181;88;land;false;unknown;0
